698
966
501
410
769
449
619
728
4
361
595
356
779
837
171
854
345
5
293
579
477
474
545
497
456
129
848
617
159
864
400
209
182
252
618
302
700
589
29
55
301
975
410
431
164
932
284
860
936
929
439
764
402
983
261
857
463
460
825
974
675
576
182
208
827
151
509
878
91
889
932
391
216
341
822
379
272
457
238
559
385
28
323
138
363
935
346
177
746
171
150
772
746
683
980
925
186
840
802
276
81
734
19
296
426
192
674
50
648
263
608
385
291
282
874
5
568
220
181
665
742
331
437
839
365
768
763
550
607
917
178
687
2
196
982
427
739
7
476
738
622
436
122
264
69
996
268
637
567
448
301
308
130
89
146
847
856
261
396
463
177
925
501
530
472
835
956
210
841
784
948
814
571
421
77
639
416
696
627
334
496
280
641
625
368
139
471
224
751
219
38
279
143
538
808
615
372
115
176
565
898
123
730
820
544
807
811
311
854
437
645
349
716
637
974
436
127
796
659
877
14
48
507
509
585
314
475
309
429
650
225
678
773
954
850
668
112
660
330
966
96
326
314
164
315
639
599
441
435
609
670
800
656
176
660
592
842
134
252
622
784
476
651
908
430
500
927
893
159
256
858
607
582
524
770
248
162
720
688
948
328
709
748
983
237
407
926
78
893
178
51
676
5
701
935
434
201
861
679
711
116
536
317
49
59
438
296
573
157
336
520
484
44
619
818
280
378
96
709
270
273
759
297
277
812
231
63
12
91
741
74
558
628
743
607
39
180
254
611
337
589
130
820
985
749
990
616
126
85
325
747
357
435
43
985
246
273
399
609
715
491
683
272
119
425
230
157
604
836
767
292
776
248
112
760
996
453
728
473
537
52
219
245
486
613
581
84
885
980
692
951
470
374
223
940
150
804
96
106
639
214
397
767
462
508
526
809
312
605
634
848
656
852
92
494
817
673
577
701
4
268
652
473
994
226
765
143
381
212
600
372
426
997
138
239
856
15
399
168
620
32
15
627
236
459
120
52
483
48
104
486
668
755
310
13
332
74
507
65
286
107
436
63
103
573
301
958
587
51
125
206
83
492
833
318
950
304
369
784
704
472
269
723
579
930
735
262
4
241
326
641
699
761
55
801
685
707
111
272
757
235
829
839
78
13
156
27
669
876
810
372
348
430
94
278
360
180
891
715
772
217
707
471
329
761
623
14
467
733
637
223
320
465
62
397
830
569
776
498
797
937
221
496
367
666
773
78
845
663
144
616
231
850
438
560
610
61
925
428
793
561
650
112
377
63
861
206
984
636
703
780
572
923
275
290
940
399
367
784
413
510
752
644
711
189
555
320
249
479
747
394
39
749
857
415
163
717
973
146
352
27
277
276
302
551
565
241
301
284
25
714
145
776
709
856
316
263
175
917
741
274
310
131
374
166
897
536
883
869
34
586
896
310
861
549
213
778
789
865
61
165
578
205
292
286
60
608
900
587
524
640
212
185
770
585
350
667
472
584
887
857
522
134
167
382
682
731
159
471
595
571
635
525
776
279
162
187
886
62
773
761
53
336
945
823
272
646
841
744
582
727
600
103
861
118
836
542
200
347
364
147
917
351
23
692
629
184
879
866
597
3
626
650
339
922
824
610
919
664
705
852
390
657
306
602
126
142
496
326
488
859
824
756
561
846
448
189
381
678
54
330
32
31
979
722
304
802
332
575
817
388
426
206
44
732
160
522
873
655
847
712
865
22
467
426
219
266
966
599
295
372
928
327
754
258
48
58
411
731
632
227
119
409
785
514
140
944
35
364
950
233
75
814
606
894
591
824
159
909
775
454
280
702
132
385
312
179
442
722
262
425
949
732
834
733
245
325
676
632
689
977
216
115
142
822
8
733
645
167
993
771
972
624
473
103
8
784
633
802
857
894
226
805
625
411
537
222
736
564
205
776
540
772
890
682
593
898
766
590
416
758
360
739
381
184
841
388
319
825
189
176
719
767
332
695
529
869
268
616
784
824
391
324
596
633
357
540
530
122
481
297
231
193
35
963
728
227
350
399
51
891
926
121
9
257
168
537
477
787
505
261
963
895
936
910
527
644
801
408
117
634
704
347
178
90
309
905
668
10
655
719
252
580
191
612
189
710
501
17
497
5
277
811
251
564
720
778
559
520
537
675
505
593
373
682
682
33
939
702
395
593
420
998
525
962
610
65
672
110
81
520
466
358
330
716
273
401
845
832
272
382
858
777
326
231
458
359
263
396
60
657
341
831
655
217
793
616
281
816
725
