1698
966
1501
1410
769
449
619
728
4
361
1595
356
779
1837
171
1854
1345
5
293
579
477
474
1545
497
456
1129
848
617
159
1864
400
209
1182
252
1618
302
700
589
1029
1055
1301
975
1410
431
1164
1932
284
860
1936
929
1439
764
1402
983
1261
1857
463
460
825
974
675
1576
1182
208
1827
1151
509
878
91
1889
1932
1391
1216
1341
1822
379
1272
457
1238
1559
1385
1028
323
1138
363
1935
1346
1177
746
171
150
1772
1746
1683
1980
1925
1186
840
802
1276
1081
734
1019
296
426
1192
674
50
1648
263
1608
1385
1291
282
874
5
568
220
1181
1665
742
1331
1437
839
1365
1768
763
550
607
1917
178
1687
1002
1196
1982
1427
739
1007
1476
738
1622
1436
122
1264
69
996
1268
637
1567
448
301
308
130
89
1146
1847
1856
261
396
463
177
925
501
1530
472
835
956
1210
1841
784
1948
1814
571
421
1077
639
1416
696
1627
1334
1496
280
1641
1625
368
1139
1471
224
1751
219
1038
279
1143
1538
1808
1615
372
1115
1176
565
1898
1123
730
820
1544
1807
1811
1311
854
1437
645
349
1716
637
1974
436
127
1796
659
1877
14
48
507
1509
1585
314
1475
309
1429
650
1225
1678
1773
1954
850
1668
112
660
1330
966
96
326
1314
164
1315
1639
599
1441
1435
1609
1670
1800
1656
176
1660
1592
842
1134
252
622
1784
1476
651
1908
1430
1500
1927
1893
159
1256
858
607
1582
524
770
1248
162
1720
688
1948
1328
709
1748
983
1237
1407
926
78
893
1178
1051
676
1005
1701
935
434
1201
861
679
1711
116
1536
317
49
59
1438
1296
573
1157
336
520
484
1044
619
1818
280
378
1096
709
1270
273
1759
297
1277
1812
1231
63
1012
91
741
1074
558
628
1743
607
1039
1180
254
1611
337
589
130
820
1985
749
990
616
1126
85
1325
747
357
1435
1043
1985
1246
273
399
609
715
1491
1683
1272
119
1425
230
1157
604
836
767
1292
1776
1248
112
1760
1996
1453
728
1473
1537
52
219
245
1486
1613
581
1084
1885
980
1692
951
470
1374
223
940
1150
804
96
106
1639
1214
1397
1767
462
1508
1526
809
1312
605
634
848
656
852
1092
494
817
1673
1577
701
1004
1268
1652
1473
994
226
765
143
1381
1212
600
1372
426
1997
1138
1239
1856
1015
399
1168
1620
1032
15
627
236
1459
1120
1052
1483
1048
104
486
668
1755
310
13
332
1074
507
65
286
1107
1436
1063
1103
573
301
958
1587
1051
125
1206
83
492
1833
318
1950
1304
1369
1784
704
1472
269
1723
1579
930
1735
262
4
241
326
641
1699
1761
55
801
685
707
111
272
1757
235
1829
1839
1078
13
156
1027
1669
1876
810
372
1348
1430
94
1278
360
180
1891
715
772
217
1707
471
329
1761
1623
1014
467
1733
1637
223
320
1465
62
1397
1830
569
776
1498
797
1937
221
496
1367
666
1773
78
845
1663
1144
1616
231
850
438
560
610
61
1925
1428
1793
1561
1650
112
1377
63
1861
1206
984
636
703
1780
572
923
275
290
1940
399
367
784
413
1510
752
644
711
1189
1555
1320
1249
1479
747
1394
1039
749
1857
415
1163
1717
1973
146
352
1027
277
1276
302
551
1565
241
1301
284
1025
1714
145
1776
709
856
1316
263
175
917
1741
1274
310
1131
374
166
1897
1536
1883
1869
34
586
896
310
1861
1549
1213
1778
1789
865
61
1165
578
205
1292
1286
1060
608
1900
1587
1524
1640
1212
185
770
1585
350
667
1472
584
887
1857
1522
134
167
1382
1682
1731
1159
1471
595
1571
635
1525
1776
279
1162
1187
886
1062
773
761
1053
336
945
1823
272
1646
841
1744
582
1727
1600
103
1861
118
1836
1542
200
1347
1364
1147
917
351
1023
692
629
184
1879
1866
1597
1003
626
650
1339
1922
824
1610
1919
1664
1705
852
1390
1657
1306
1602
126
1142
1496
326
488
859
1824
1756
1561
846
448
189
1381
678
54
1330
32
1031
1979
1722
1304
802
1332
1575
817
1388
426
206
1044
1732
160
1522
873
1655
1847
1712
865
22
1467
426
1219
266
966
599
1295
1372
1928
1327
754
258
1048
58
1411
731
1632
227
119
409
785
1514
140
944
1035
1364
950
1233
1075
1814
1606
894
591
824
1159
1909
1775
454
1280
1702
132
385
312
1179
442
1722
262
425
1949
732
834
733
245
1325
1676
1632
689
977
1216
115
1142
822
1008
1733
1645
167
1993
1771
972
1624
1473
1103
8
1784
633
802
1857
894
1226
1805
1625
411
537
222
1736
564
205
776
1540
1772
890
682
593
1898
766
590
416
758
360
1739
381
184
841
388
319
1825
1189
176
719
767
332
695
1529
869
1268
1616
1784
1824
391
1324
1596
1633
357
540
1530
1122
1481
297
231
193
35
963
728
1227
1350
1399
1051
891
1926
121
9
257
1168
1537
1477
787
1505
1261
963
1895
936
910
1527
1644
1801
1408
1117
1634
1704
1347
178
90
309
905
1668
10
655
719
1252
580
1191
1612
1189
710
1501
1017
1497
1005
277
811
1251
1564
1720
778
1559
1520
537
675
1505
593
373
1682
682
1033
939
702
1395
1593
1420
998
525
962
610
65
1672
110
1081
1520
1466
1358
330
716
1273
401
1845
832
272
382
1858
1777
1326
231
1458
359
1263
396
1060
657
341
831
1655
1217
1793
616
1281
1816
725
361
1687
542
70
368
1257
1343
768
1454
526
1039
187
383
1167
1512
613
625
1870
228
1372
1282
1236
64
112
890
1280
256
1505
560
71
581
1273
1757
1474
1342
124
1083
1036
1243
536
1561
634
722
296
1800
585
1260
776
806
1487
500
87
723
563
199
1964
195
806
1821
1106
877
753
378
985
227
1720
1461
1309
1107
1055
1844
668
1688
917
1315
1488
1853
574
615
658
413
1114
745
1487
1677
1295
1450
223
100
1622
1328
1328
375
1706
665
601
1777
477
1909
883
1531
104
1902
1219
1372
1568
1058
1224
142
24
1881
906
1138
625
392
1166
271
193
1388
723
167
715
50
541
772
714
1141
900
1542
1401
135
1073
1504
388
643
875
1956
52
98
449
75
330
1354
1212
1307
97
729
1577
641
116
299
807
1183
701
1699
306
1766
839
1206
1308
591
1692
380
94
79
1374
1320
34
1425
1769
482
1851
99
187
1415
1405
635
143
1333
1276
259
1632
434
1793
684
133
98
449
1323
1303
1756
1914
1346
487
359
1425
1860
1679
1810
1636
1799
292
1839
1897
830
1253
1653
1465
1395
986
1092
5
969
1525
1797
1652
9
1895
100
1332
1549
208
1245
895
1046
1603
671
906
1633
480
893
1784
1123
731
1680
1953
335
1685
1769
1730
1022
860
1734
1990
736
1883
1993
745
1777
444
76
1677
651
1672
923
1697
1626
1593
954
1259
73
198
1042
1195
1281
1073
1499
1615
1109
1267
1696
130
478
1782
471
1214
1664
463
1958
1792
907
33
1468
1909
56
743
1957
1681
335
910
939
759
1460
332
306
740
1757
1804
354
865
1423
50
1347
1900
1831
1817
1465
1846
632
1422
1637
1890
1806
1456
1798
1861
198
1755
1542
885
1016
832
1643
475
1516
1948
1214
1272
104
1920
488
1526
321
186
1777
503
3
1242
348
986
1015
336
875
1173
143
672
1385
341
778
926
1577
1794
110
1219
620
1625
1167
1834
1248
1622
105
87
1147
425
273
1275
927
627
868
1626
1612
1883
1961
486
1407
103
1509
791
795
287
69
371
432
178
1942
1051
154
1460
1236
1401
1081
1340
1487
227
1764
111
1853
1042
737
721
1019
700
955
979
1185
361
1434
1046
1503
580
1332
1571
1303
115
1748
1244
1165
253
703
401
1653
135
1740
1492
361
1856
1954
565
1249
691
1285
268
1742
591
1598
927
1303
1383
324
806
315
7
376
1617
121
476
1212
1285
728
266
37
733
400
129
576
1112
336
529
1676
1584
1571
1313
203
1313
255
153
591
1558
1535
1266
363
201
1272
1090
169
1392
1917
1380
1028
997
1997
1065
1729
748
1193
656
211
1880
1536
1887
1463
1459
1551
18
1123
1805
170
1713
1362
1704
978
76
257
601
1518
425
1992
1434
1805
1019
430
153
435
510
901
1627
1165
1463
1858
1053
1349
1321
511
1251
1690
1633
1408
1859
1697
1121
1914
1026
1197
170
1626
714
595
1617
499
751
987
929
903
1422
1790
155
1400
955
1618
1258
359
1318
930
869
921
619
501
328
477
197
1448
390
1222
996
912
847
61
1506
815
560
608
1801
1840
1862
1222
1629
369
622
935
1986
231
1293
1655
1160
161
575
1778
661
1254
254
1209
1054
995
430
49
258
1628
110
115
442
1021
722
595
860
584
1816
488
952
789
1775
1289
1019
1067
1295
178
1580
222
307
592
1475
912
1801
528
259
582
929
516
210
1038
631
1003
58
1704
1949
1269
639
117
1756
1942
905
1530
1230
276
949
877
805
528
1098
1112
1119
924
375
919
1804
633
1853
732
1501
414
121
483
1768
530
186
1717
1798
825
1833
1905
766
1089
1787
348
1364
735
1224
521
1614
321
1984
732
1596
358
3
1399
1343
207
130
843
620
250
1325
387
1131
1862
103
928
686
1935
833
1804
1024
971
503
739
57
1726
1611
1670
398
1594
753
1993
304
755
1392
1646
1313
1873
840
1932
475
164
319
1605
377
773
533
1415
708
1717
1218
83
687
72
1173
743
149
784
764
898
729
1516
1242
1384
623
985
1381
1935
858
220
1867
1332
735
537
936
1112
1309
1820
526
368
1888
95
450
574
518
1975
1668
666
1110
431
1563
190
299
804
1574
921
1789
1306
855
998
1878
1073
329
612
1609
1616
75
918
1788
952
1285
1675
1398
87
601
1915
61
620
580
1522
1403
494
1711
1701
1298
1636
621
1438
942
1827
435
819
900
1115
1782
508
1082
209
1425
1221
1160
1062
896
910
1148
1848
824
1560
819
1756
1081
221
249
1143
1921
1898
1131
893
1335
424
720
121
1594
1619
1235
1727
478
669
1935
1903
1889
1447
964
1136
356
463
1335
1531
22
154
1286
1454
374
1535
948
647
1432
78
1539
1119
501
258
1239
446
228
826
173
706
1846
107
960
1734
1553
275
1222
260
737
556
1791
1110
1061
1076
563
1435
962
1510
433
394
1940
1971
1864
440
581
1454
886
1160
279
1410
1865
476
1516
1176
562
1421
1450
1783
1680
538
690
1470
1647
1751
898
209
1537
1859
71
1969
604
10
291
467
801
1223
1921
38
383
551
1447
599
1027
1315
1775
1588
735
1576
1722
414
114
411
236
112
513
1133
321
49
991
743
369
1947
1104
1012
413
256
234
685
294
968
1236
92
1919
262
1406
1693
201
140
1620
1922
906
85
332
1141
197
1197
625
869
1245
1967
1611
1966
1913
1066
1329
678
1321
1562
1362
1614
882
