5698
8966
3501
5410
769
2449
2619
8728
4
2361
3595
8356
779
9837
171
5854
7345
5
2293
8579
6477
6474
1545
6497
4456
1129
6848
4617
4159
9864
4400
6209
5182
4252
1618
2302
6700
589
1029
3055
9301
975
1410
6431
7164
7932
2284
860
7936
929
9439
764
7402
983
7261
1857
8463
460
2825
8974
6675
3576
5182
8208
7827
3151
509
878
91
7889
3932
9391
5216
5341
5822
2379
3272
4457
3238
7559
5385
9028
8323
9138
6363
1935
7346
1177
8746
171
150
1772
3746
1683
9980
7925
1186
6840
8802
1276
1081
2734
7019
6296
4426
9192
8674
4050
3648
8263
1608
5385
7291
6282
874
5
4568
8220
1181
9665
4742
1331
1437
4839
9365
7768
2763
550
4607
7917
8178
5687
7002
5196
1982
1427
739
7007
5476
738
1622
3436
6122
5264
6069
6996
5268
637
1567
6448
301
6308
4130
8089
1146
9847
5856
261
396
463
8177
4925
2501
1530
6472
835
2956
7210
7841
4784
7948
5814
4571
421
1077
639
7416
2696
7627
5334
5496
4280
1641
9625
2368
9139
9471
8224
5751
6219
5038
279
1143
7538
1808
7615
8372
1115
1176
2565
5898
9123
4730
6820
9544
5807
3811
3311
4854
1437
8645
349
5716
6637
9974
4436
2127
5796
2659
7877
2014
4048
4507
9509
1585
6314
3475
6309
7429
4650
5225
9678
3773
9954
2850
9668
2112
6660
9330
6966
8096
4326
7314
164
7315
3639
4599
9441
9435
3609
3670
7800
7656
8176
3660
5592
842
7134
8252
4622
1784
3476
651
1908
3430
3500
7927
1893
159
7256
8858
4607
1582
2524
4770
5248
6162
5720
4688
1948
9328
4709
9748
6983
9237
3407
8926
78
6893
7178
1051
8676
7005
1701
6935
434
5201
4861
8679
1711
2116
7536
6317
49
59
7438
5296
2573
3157
6336
4520
2484
1044
619
5818
280
378
1096
6709
7270
8273
7759
2297
5277
5812
9231
2063
1012
4091
741
9074
2558
4628
1743
2607
1039
9180
4254
3611
2337
589
8130
4820
7985
8749
6990
4616
9126
8085
1325
2747
6357
5435
5043
7985
1246
4273
6399
8609
4715
3491
7683
7272
8119
9425
6230
9157
8604
6836
2767
7292
3776
7248
2112
1760
5996
5453
2728
1473
3537
4052
4219
6245
9486
5613
581
7084
9885
6980
5692
951
470
3374
8223
4940
9150
804
4096
4106
7639
3214
1397
7767
462
3508
9526
2809
5312
8605
634
8848
2656
4852
5092
8494
6817
5673
5577
6701
9004
1268
7652
9473
994
2226
765
143
9381
1212
600
3372
4426
1997
1138
1239
1856
7015
399
7168
5620
1032
6015
4627
2236
7459
3120
9052
9483
5048
2104
8486
2668
9755
4310
13
8332
5074
6507
4065
6286
7107
7436
7063
9103
8573
8301
958
5587
5051
8125
1206
6083
492
5833
8318
7950
5304
7369
3784
6704
9472
2269
5723
5579
2930
5735
262
8004
2241
4326
641
5699
1761
4055
4801
6685
8707
2111
2272
3757
235
9829
9839
7078
2013
8156
5027
3669
1876
8810
372
1348
7430
6094
3278
360
8180
9891
4715
6772
4217
1707
2471
2329
5761
3623
9014
4467
5733
7637
8223
2320
7465
8062
9397
5830
2569
776
9498
797
5937
6221
8496
3367
8666
1773
78
6845
1663
1144
3616
2231
2850
2438
4560
8610
6061
9925
9428
1793
7561
7650
4112
1377
2063
9861
7206
984
636
6703
1780
6572
2923
275
6290
7940
8399
6367
4784
6413
7510
4752
8644
6711
7189
9555
5320
3249
9479
4747
1394
7039
8749
1857
8415
7163
1717
1973
8146
2352
5027
6277
5276
4302
6551
1565
2241
1301
4284
7025
7714
8145
1776
2709
4856
5316
2263
175
4917
1741
1274
6310
5131
6374
8166
9897
3536
9883
1869
8034
8586
6896
4310
3861
7549
7213
1778
9789
4865
6061
3165
2578
4205
1292
5286
9060
6608
3900
5587
1524
5640
3212
4185
770
9585
2350
667
9472
8584
8887
3857
3522
2134
8167
7382
9682
1731
9159
9471
6595
1571
2635
5525
5776
279
7162
1187
6886
1062
6773
4761
3053
6336
8945
3823
2272
7646
841
1744
2582
9727
5600
6103
1861
118
9836
1542
8200
5347
7364
1147
6917
6351
3023
2692
6629
184
3879
9866
7597
7003
4626
650
3339
9922
824
5610
3919
1664
3705
2852
1390
5657
5306
9602
2126
5142
7496
326
488
4859
7824
3756
7561
846
6448
4189
7381
6678
4054
1330
32
5031
1979
9722
1304
2802
5332
1575
817
5388
4426
2206
1044
9732
8160
9522
4873
5655
9847
1712
6865
4022
5467
4426
1219
8266
4966
8599
1295
5372
9928
1327
6754
8258
1048
8058
7411
2731
9632
8227
8119
409
6785
5514
140
4944
5035
1364
6950
1233
3075
3814
1606
4894
4591
2824
3159
5909
7775
4454
1280
7702
2132
4385
2312
3179
2442
9722
2262
8425
7949
6732
8834
4733
2245
5325
9676
3632
6689
2977
1216
6115
3142
2822
1008
7733
5645
4167
9993
9771
4972
7624
7473
7103
2008
9784
6633
802
5857
8894
9226
3805
5625
4411
8537
4222
9736
4564
4205
2776
7540
1772
8890
682
4593
9898
4766
6590
416
4758
6360
1739
2381
184
8841
4388
6319
1825
5189
2176
719
767
2332
2695
1529
869
3268
7616
1784
3824
391
9324
5596
5633
6357
6540
5530
1122
9481
2297
2231
2193
4035
963
8728
9227
5350
1399
1051
6891
9926
8121
4009
2257
7168
5537
9477
6787
9505
1261
6963
9895
6936
8910
5527
9644
1801
7408
7117
7634
9704
9347
6178
90
309
4905
5668
2010
2655
6719
5252
2580
1191
5612
1189
4710
7501
7017
1497
7005
8277
4811
3251
1564
3720
8778
7559
5520
2537
4675
9505
8593
373
5682
8682
7033
6939
702
5395
9593
7420
6998
8525
4962
2610
6065
9672
110
3081
7520
3466
1358
2330
6716
9273
2401
1845
6832
4272
4382
7858
3777
9326
8231
9458
4359
5263
6396
5060
657
2341
8831
7655
7217
3793
6616
3281
9816
6725
6361
3687
6542
4070
2368
3257
3343
4768
1454
6526
9039
2187
4383
9167
1512
2613
8625
5870
4228
1372
7282
1236
64
6112
8890
7280
6256
5505
560
6071
8581
3273
9757
1474
7342
2124
1083
7036
3243
2536
3561
8634
4722
4296
7800
2585
3260
2776
4806
7487
500
2087
8723
563
8199
3964
4195
806
5821
1106
6877
753
4378
2985
2227
1720
1461
3309
5107
1055
5844
8668
9688
6917
9315
7488
5853
2574
6615
658
6413
7114
2745
1487
7677
7295
5450
8223
8100
7622
9328
1328
8375
3706
665
601
1777
8477
3909
6883
9531
6104
1902
9219
9372
7568
3058
5224
142
6024
5881
2906
3138
8625
4392
7166
2271
6193
5388
6723
167
4715
8050
8541
4772
8714
9141
2900
3542
9401
6135
3073
5504
4388
8643
4875
1956
8052
98
8449
4075
2330
1354
7212
7307
2097
729
9577
4641
6116
6299
4807
7183
701
9699
8306
5766
8839
1206
9308
4591
3692
2380
94
8079
7374
1320
34
5425
7769
8482
5851
99
6187
9415
7405
4635
143
3333
9276
6259
9632
434
9793
6684
133
8098
2449
5323
9303
1756
9914
9346
487
6359
7425
7860
7679
3810
9636
1799
2292
1839
1897
4830
1253
5653
9465
1395
8986
5092
4005
4969
5525
3797
1652
2009
1895
4100
7332
7549
2208
7245
6895
9046
3603
671
6906
7633
4480
2893
5784
3123
4731
7680
7953
2335
9685
3769
3730
5022
8860
7734
9990
736
7883
7993
2745
9777
8444
76
3677
651
3672
6923
9697
3626
7593
2954
1259
2073
2198
7042
5195
3281
1073
9499
5615
7109
3267
5696
2130
8478
9782
8471
9214
7664
6463
1958
3792
4907
2033
7468
1909
2056
743
7957
5681
8335
910
6939
6759
9460
332
8306
2740
7757
7804
8354
4865
7423
4050
3347
5900
3831
1817
1465
7846
4632
3422
1637
5890
1806
5456
7798
3861
6198
5755
9542
885
3016
2832
7643
2475
9516
5948
5214
7272
104
9920
8488
7526
321
8186
9777
503
3
1242
8348
986
1015
6336
6875
9173
8143
4672
9385
4341
6778
8926
1577
9794
8110
9219
8620
7625
5167
3834
1248
1622
105
6087
9147
425
4273
5275
927
627
2868
5626
1612
3883
1961
8486
9407
103
9509
8791
795
6287
4069
2371
2432
2178
7942
1051
6154
9460
1236
7401
1081
1340
3487
227
1764
4111
1853
9042
4737
4721
1019
2700
4955
2979
1185
4361
9434
7046
9503
6580
3332
3571
5303
2115
5748
3244
3165
8253
2703
4401
5653
135
5740
5492
361
3856
5954
8565
9249
691
3285
268
9742
4591
9598
927
5303
5383
4324
4806
8315
4007
8376
3617
6121
476
3212
9285
8728
2266
37
733
2400
2129
2576
9112
2336
8529
7676
1584
5571
7313
8203
5313
8255
4153
2591
3558
9535
3266
8363
4201
7272
3090
4169
3392
9917
7380
9028
4997
5997
9065
5729
4748
1193
4656
211
9880
9536
7887
1463
1459
1551
6018
3123
9805
170
5713
3362
9704
8978
8076
257
2601
7518
4425
5992
7434
1805
5019
2430
4153
435
4510
8901
1627
9165
5463
7858
5053
3349
9321
6511
1251
1690
9633
7408
1859
1697
7121
7914
7026
5197
8170
9626
2714
2595
5617
6499
751
6987
8929
4903
7422
9790
155
5400
8955
5618
3258
359
5318
8930
6869
2921
619
6501
328
2477
8197
7448
390
5222
8996
4912
4847
8061
7506
6815
4560
4608
3801
9840
5862
1222
9629
2369
6622
4935
7986
6231
5293
9655
5160
2161
2575
5778
8661
9254
8254
3209
3054
4995
8430
2049
6258
9628
110
115
6442
1021
4722
6595
860
584
7816
488
2952
789
1775
7289
7019
7067
3295
2178
5580
2222
4307
592
1475
8912
3801
4528
259
8582
2929
6516
8210
3038
6631
1003
4058
7704
3949
1269
4639
8117
1756
3942
8905
3530
1230
2276
6949
877
805
2528
3098
5112
3119
924
375
6919
1804
633
1853
4732
3501
6414
4121
6483
3768
4530
4186
7717
5798
8825
5833
3905
2766
1089
3787
348
3364
735
1224
521
9614
4321
1984
2732
1596
2358
6003
3399
9343
4207
8130
2843
620
2250
9325
4387
3131
9862
2103
8928
8686
7935
2833
7804
9024
2971
4503
8739
57
5726
5611
9670
6398
7594
8753
7993
6304
4755
1392
5646
5313
5873
4840
5932
4475
4164
319
7605
377
8773
6533
5415
6708
5717
3218
2083
8687
4072
7173
8743
6149
2784
4764
8898
6729
3516
3242
9384
4623
985
1381
9935
6858
6220
5867
1332
6735
2537
8936
7112
1309
1820
2526
4368
3888
2095
6450
2574
2518
9975
7668
8666
9110
2431
7563
2190
2299
804
1574
6921
1789
9306
6855
4998
1878
9073
6329
8612
1609
1616
2075
2918
9788
952
7285
3675
9398
87
2601
1915
61
6620
580
5522
5403
4494
7711
7701
5298
5636
4621
3438
4942
7827
8435
6819
6900
1115
1782
8508
9082
209
1425
5221
1160
5062
8896
6910
5148
7848
8824
1560
819
5756
7081
6221
249
1143
3921
1898
3131
4893
5335
4424
2720
121
7594
9619
1235
5727
4478
6669
5935
5903
1889
3447
964
7136
356
2463
1335
5531
4022
2154
1286
7454
8374
1535
4948
8647
3432
8078
3539
5119
2501
6258
5239
6446
2228
2826
2173
6706
5846
8107
8960
7734
1553
6275
1222
8260
8737
2556
3791
9110
1061
5076
6563
9435
2962
1510
4433
6394
5940
7971
7864
8440
581
9454
4886
9160
2279
3410
5865
4476
1516
1176
8562
9421
7450
9783
7680
2538
8690
1470
1647
9751
2898
8209
5537
5859
6071
9969
8604
2010
4291
6467
6801
1223
5921
8038
383
4551
1447
2599
9027
9315
3775
7588
8735
7576
3722
6414
114
2411
4236
8112
8513
7133
6321
4049
2991
8743
369
7947
7104
1012
4413
256
2234
6685
8294
8968
1236
6092
7919
262
5406
1693
4201
4140
5620
7922
6906
2085
332
1141
197
5197
4625
2869
9245
3967
1611
5966
1913
5066
3329
2678
5321
5562
9362
3614
882
597
9706
8800
858
1463
6844
1410
5603
2463
9331
2508
900
9663
10000
1096
4859
4624
3964
455
4942
1926
2772
6855
6991
6100
9532
2311
8014
8893
2277
5247
5842
1982
4046
3051
9796
889
4461
5398
9703
3791
4257
602
9805
4256
8049
1015
5231
2012
1470
173
3937
593
3379
927
3045
2910
9590
1058
8154
1866
2656
3995
199
6701
7046
9994
3941
7858
5392
9995
1648
9648
6949
1453
256
4997
2467
5486
3361
288
2010
7297
881
5388
4576
277
4649
4165
7686
2803
2382
341
3149
2580
7041
6546
2573
7333
4403
4316
7327
2403
316
627
3855
6923
5624
2673
8760
5336
2961
770
2632
193
6157
3559
469
7158
4075
4506
9960
6456
4846
9460
9035
8238
2358
7960
5570
6760
8627
9248
9162
5294
9875
9368
2216
1850
2041
976
7185
1353
8097
6168
1545
4253
9727
8365
7762
3801
2870
7721
6609
7715
3533
1995
2304
5890
6306
7873
9001
4933
3472
4515
6578
3346
234
5146
1547
2274
2473
8731
9978
569
1251
7874
1173
977
6238
8935
1129
5459
3007
7737
9525
6539
9732
1828
8780
6037
6052
4133
7321
9524
8647
3899
2869
5232
5396
768
3858
7868
5850
3835
8436
7100
1709
9608
4428
4298
8542
5557
9757
1549
9645
5633
4439
5728
7461
9571
8117
3512
3703
5437
3035
8701
5687
2256
3932
1082
3023
7789
8949
8872
7976
3736
2324
6036
3344
6751
333
8237
2307
6441
6137
8304
8426
6928
4031
5886
6498
8499
5749
200
3936
5136
5252
5974
3743
9183
3408
3117
3324
8708
8340
7651
2444
663
3686
5787
7414
370
375
6072
3163
6512
4375
1588
3439
4758
3825
9936
3256
9573
6487
3543
1060
1738
5869
4802
7272
9276
7918
595
7983
6258
4597
426
3272
8282
2564
685
5004
2939
3109
8166
9450
3835
9753
9240
8592
3577
5527
8200
9501
2013
8094
561
3750
3962
1714
1021
3237
5984
7968
7572
8593
8916
4349
1864
3550
6913
8901
8553
9851
2009
6718
5652
5843
2822
1243
787
2750
6769
5338
2250
8781
3431
9162
8882
3745
7228
9902
3333
3211
4221
904
8155
9489
5253
6370
3038
8517
5270
1590
8367
3630
4659
370
9473
7480
1612
6611
6581
8380
8300
5182
3512
8082
4344
2393
1826
7923
8646
5159
7485
9219
2414
5639
8707
4018
2008
1744
2534
3630
3333
7252
7259
7991
7621
3083
1822
5584
6045
8402
315
4344
3583
3826
2426
4278
6218
603
8552
4864
2113
6036
4082
4527
8026
2788
8544
6386
883
7430
15
4215
4681
3625
8557
8654
3060
6730
4237
9104
1483
4552
9800
1417
8377
8577
2047
947
9179
598
2162
7644
6634
2595
2170
4659
1734
7065
1044
2616
4494
7410
6830
9175
1035
1738
7828
4094
8467
8416
9549
6301
9319
5700
7717
4048
628
9763
4994
6159
361
7155
3802
3346
9749
5971
8004
7834
9387
5400
449
233
2809
3630
5759
3843
5367
9938
4288
185
8353
189
2837
7672
5888
553
1719
2868
6668
3064
9026
3380
218
2827
6725
6318
5149
1080
4151
4535
6479
951
4767
9288
4580
6877
3130
9946
6814
3770
6482
5167
3958
9318
9190
6197
6222
7260
9064
2889
323
4441
6268
6892
7267
9344
9561
2415
424
63
3302
6902
1013
4420
6189
5592
1297
5671
1889
8110
5792
4722
9628
6101
391
8817
2297
6612
2428
7713
5853
2750
2153
8472
9641
5772
7816
5553
8186
8239
5615
7839
1492
6627
2259
7681
8570
3555
9703
6810
8016
5494
1531
7644
1594
1921
2812
242
8533
5240
4306
4385
4341
2811
2856
3982
4934
7023
9534
3119
1613
1501
7310
3105
8127
9568
7137
3049
9474
6839
9858
7489
8684
1389
1484
6629
9661
4296
6870
4545
5887
7528
5281
227
6690
4489
560
1623
1511
94
1093
3124
7946
8402
6228
6072
7969
9716
5472
3794
6554
5330
1283
1589
3070
2766
8217
2730
3413
1438
7275
9299
8965
2555
5878
2006
3395
6437
3628
4906
2882
4721
4381
827
9474
6960
6899
3795
6675
8722
7588
9580
4051
5222
1168
7120
4340
9384
6202
7752
7173
3476
3403
2490
2382
9280
4495
5777
5716
4475
7034
8598
9195
1414
9424
8668
8373
2674
8814
5047
1396
6402
978
1798
1623
2145
5270
2314
7880
1471
6418
5052
1298
9820
7541
3679
5451
8388
5807
7518
2862
9192
2467
8408
605
8243
3427
5329
7268
2241
6727
5015
4994
7704
6813
6616
9848
2082
5282
4079
3552
1699
5483
4849
1518
9375
4879
3320
7762
7038
837
623
6229
9656
5382
3186
7898
8809
8514
5165
1049
1593
180
6042
9296
3344
9009
5496
5425
4290
9574
5328
2340
5056
6528
3857
4431
7758
3528
8544
4795
717
5519
7376
372
900
6913
4621
6060
1778
9785
3460
3370
6316
5853
9018
6011
4862
4513
7787
5503
438
3114
7843
1846
9641
8051
2628
3751
7931
1171
8545
8647
3041
2272
5370
3941
9184
9990
6352
7314
6126
9812
683
8794
5664
9700
4804
6877
564
2591
8732
1002
2056
6574
2847
8049
976
5474
1799
5258
2996
6695
3904
6037
8967
5625
6329
4502
5614
2680
1815
8092
2491
8850
6885
8155
8549
1688
1383
9113
630
114
6466
2686
3039
9312
734
4015
1137
8884
5624
4132
5578
5880
6520
896
1504
2848
5398
7118
5528
3564
1561
4370
2413
8445
8876
7314
6484
259
2778
3466
372
9243
6151
3411
4906
3236
3777
6042
8471
9400
6525
4048
5279
3045
4944
6783
2244
6693
252
7771
6608
1812
8493
5373
6608
7368
9038
3091
7626
1815
6556
4350
7409
9058
7760
8666
8645
1536
4707
7115
7287
7583
7515
2566
6979
8810
5700
9223
1854
2303
3345
8461
4114
1837
3833
721
5557
9222
163
3182
1036
3071
7531
4796
8480
1642
3461
3477
9529
4519
591
6816
2102
4457
5733
9080
9618
7784
4654
1471
86
7999
9932
551
6187
116
7623
1743
9338
7785
4925
6725
7207
8807
1521
5687
6801
1333
9163
6329
5852
6105
9496
4305
6914
1580
9736
6531
9363
4390
8002
9448
8740
4285
9998
4926
4400
3972
6669
89
1757
7945
3166
5315
6751
1038
1001
9903
2370
6515
6232
4573
8972
2079
8877
5885
3659
4965
2415
9373
9354
416
8821
8093
1052
5170
9370
5452
5494
6038
1892
3602
3982
5057
8916
7085
2446
6269
6987
4816
2783
3218
5740
1754
1649
4617
7638
5307
5933
6405
1031
5286
3172
6203
9730
4224
1373
5451
6027
3218
1489
4270
6819
5470
5679
5734
2554
8124
2002
9541
2939
1137
9110
5031
2890
758
5999
6880
2416
1931
9636
3447
3568
2807
9649
9649
7030
7373
5099
9408
590
6587
3678
3760
8409
9356
9494
7314
7479
1495
6854
6770
2631
2316
1800
1873
9425
7798
5104
8193
6080
4739
7991
9647
7545
3991
9295
927
7716
4393
334
4657
7332
363
8417
5740
9718
7910
9405
3549
5756
6259
6670
4739
4926
8469
2963
702
2618
8066
8894
8697
2804
3236
4695
348
7227
3989
7626
4942
4733
7960
5950
8416
4674
4366
507
4392
8627
9912
4292
4383
2522
961
5473
7447
5781
8435
4500
4750
6500
9746
3446
9303
2981
4492
6002
207
4832
3628
1500
5916
7939
7450
4332
2612
8167
4838
3355
6794
1101
7646
7528
3622
4958
9352
7420
738
7786
1920
5487
637
1665
5284
6291
997
9775
2292
1204
4606
2271
9055
6874
6561
2856
1205
9173
7375
2394
2527
4168
3495
6525
8047
3468
1482
3750
888
8572
1535
9159
4058
8523
7175
5694
4813
8171
1820
3456
5726
2778
2079
1133
9651
8639
3988
855
7811
1362
3248
6690
1881
3094
9566
6279
6562
7399
28
3801
5970
7914
2959
6380
6436
6485
2073
7600
4655
3892
7408
6733
6669
9486
7865
2671
8124
8204
3525
2287
5918
3125
8976
4150
2570
4893
429
9131
2291
6808
9283
8261
1074
8593
4640
3861
5077
3064
1461
6084
3307
5220
2816
6328
4705
680
8998
9180
5235
8875
1466
1152
1999
6793
1654
920
1685
8434
51
328
5241
5685
8588
2666
4278
9579
6527
9354
8994
4339
5437
2300
9558
8252
8627
4262
5283
7625
3441
6870
6499
1259
8021
4849
8051
9674
5768
6088
4459
2170
6415
9700
7855
5002
2365
2132
932
5243
7837
9925
9581
3274
8576
9138
7877
7203
3399
9512
1179
3192
6381
4029
4450
753
5229
2500
6779
7348
8587
1237
9518
5001
7288
3724
6354
6005
2207
3637
1247
43
9913
828
9668
8489
9965
3897
2043
3364
9760
9573
2907
6140
9953
7356
3244
5181
6207
22
2528
4794
7611
8397
6146
4898
2120
8852
902
678
8840
2149
7073
8753
9328
3092
7241
9292
6988
5635
9007
3099
5207
1913
9238
5159
9268
8834
6691
5475
5207
9218
6620
2817
3967
9117
4067
2438
4320
1320
3116
3160
9820
6540
1912
9147
9631
5504
8439
2971
1138
3797
6069
2696
5710
1659
4206
1329
492
896
3155
2050
6465
6126
4867
431
5243
5285
2869
5914
6604
2336
9073
2776
8875
7336
8274
8505
2839
6712
1475
328
6861
7544
9375
2570
5554
3580
3898
6045
827
3405
8094
7292
9530
9312
7722
4772
948
6942
686
3904
9277
6110
6679
8151
3446
4952
3008
2636
8016
834
9316
4876
4729
8690
3797
282
8622
4046
6326
9448
7450
772
3091
6980
6435
813
8103
7383
4106
5140
1286
3383
1250
7964
7885
1047
9267
7244
34
7282
8078
9349
8509
2806
4391
2305
3088
9364
6351
5765
5163
152
6536
8254
7131
9323
9066
1586
6705
9523
6725
7990
9257
4326
2305
7142
1724
1571
737
1758
5205
8814
7458
3713
1620
8200
2370
1059
7563
5072
6823
2726
5223
9711
979
8706
9033
6396
291
2089
2270
3367
6430
1527
7693
8734
5020
5768
6656
5756
3877
8212
4570
1335
8277
2541
9534
646
3599
3449
5717
6773
2526
7291
2835
9856
5996
1867
6251
6286
3955
4872
9653
384
6398
3697
5469
1417
5816
8477
7173
9693
6688
8094
1027
4964
6986
6912
1961
6936
6712
4029
60
9237
1320
2895
9092
7315
4761
1694
9953
5068
6566
5957
1803
9315
9653
7272
732
5468
5748
4256
1512
8787
8701
2538
103
2038
5802
2063
8973
2513
6092
9032
8102
3763
1926
3545
1077
3039
5239
1029
4458
8156
6985
6260
7470
2989
9883
4553
4809
1982
5160
6320
769
3860
5210
871
5897
1011
9285
1221
9875
1728
253
4328
5490
8530
7873
6567
1568
3111
3947
6025
7618
7284
8637
1439
272
8519
5992
1432
501
1151
7752
1269
1363
9313
8491
7259
323
4127
8480
6549
5855
5084
877
1344
3613
8749
4262
1533
8211
4561
3909
2180
1844
2545
3618
8467
7416
5961
9899
7916
3464
4002
5536
4826
3314
378
8436
9988
4504
6915
6536
6710
8350
3764
4406
8315
8864
5019
6199
7074
9579
107
5605
7774
9004
9223
6241
2771
1535
2491
686
4998
6492
2573
9823
9805
9302
8259
6144
3805
1525
2679
6867
9875
2795
1272
4541
1658
6290
739
5084
2221
7197
688
9994
2552
6262
6234
5322
7797
5076
2359
2794
1567
4931
8969
7723
584
3579
3866
4389
5103
2897
7607
1329
5691
8878
5869
3700
1519
2959
8783
91
156
5823
85
2707
2084
2670
4381
6232
7746
6739
5378
5664
8022
4346
3387
8605
7924
3604
9345
9378
6500
6951
707
8542
2180
2927
2242
51
5886
7376
141
2393
3198
6577
1451
1634
9247
5831
7865
3344
2570
3242
9007
6943
3939
8745
1899
8214
2349
1244
7592
5200
4546
4650
3742
3078
3928
2335
3128
6165
9710
9620
8557
2908
6197
8
4541
1795
2190
8757
5138
1111
8351
496
8053
2289
9241
9952
503
7941
7547
4446
9492
2092
9095
9585
5169
3022
1919
4648
5539
7981
4268
4095
7240
6816
454
8132
8610
2644
6888
99
3754
5238
594
1807
7527
6186
8110
4381
478
5656
8826
9970
4099
4272
9554
5620
3645
1473
6619
9183
9453
886
3278
3044
4053
83
1175
9014
2726
8062
9112
6480
9652
6058
4638
7178
2243
2747
7910
2721
4754
3087
9042
5204
7358
8595
823
7354
6419
7442
6537
2223
4679
6166
5266
5084
6248
6440
4097
8974
4502
3209
1805
4153
9266
2794
7682
7860
5540
1943
6932
6645
5029
5973
1848
8738
920
9023
6091
7338
2816
2627
9561
7494
5144
1178
8929
1392
7618
3026
6717
8471
6234
4873
8975
1851
7666
3008
6062
9557
4950
2994
2553
6330
5318
4400
5067
6237
9774
1157
9927
2589
136
5839
6435
5279
7016
5363
3022
4633
8388
9738
9455
973
962
8429
9175
8627
1436
1589
8183
2737
4582
735
9066
6251
1487
4132
8840
7612
1641
8766
201
1776
4604
2987
7054
1619
4701
76
2604
9441
6165
2058
413
7127
6839
5940
2105
4626
7528
288
7363
8461
7374
2780
4711
5212
6912
9902
2824
4904
8667
9376
6679
3270
2362
84
1241
3414
6511
196
2854
9028
2253
9619
6154
5443
5558
8258
69
9437
4897
7431
7897
8623
210
8959
3834
3473
8861
3009
8376
3879
2384
1406
3501
1097
7842
4741
4511
4352
4936
7364
3379
3540
6982
5884
8983
8891
494
9051
8327
5390
2833
2575
4012
9394
7886
4198
9219
3098
7206
7594
6976
9590
5352
476
7038
3193
1568
7900
3896
2855
5264
7275
6395
8597
9510
1729
3840
3
7131
2166
5393
6315
1093
5756
5708
5330
9953
4926
8427
7159
8872
1754
3100
575
8582
6489
3767
6501
4389
4014
9356
6004
1288
2102
952
798
3830
4791
800
7312
3309
2544
3626
4401
8300
9333
6082
4604
611
860
8114
5834
2613
7565
6408
7546
4054
6526
4047
8442
6891
3402
797
8179
5503
1748
5328
5684
6539
2479
2995
9847
1375
6620
599
6026
2304
3032
629
9266
3891
8743
1451
2855
6307
4210
401
6712
7087
4447
1505
3978
4200
2301
8508
6054
4049
3835
1737
6939
2665
1083
3137
4039
7702
3735
64
6357
3118
7045
1975
7008
5787
3425
9862
8445
7635
262
5157
4721
1060
6661
5050
5259
5314
3557
7664
9362
7391
9400
6300
6408
482
9436
446
4535
9522
6862
7244
2639
3906
9218
5998
6044
8994
5859
4488
6628
2473
5996
7701
3532
9009
2750
5143
4322
6307
2806
3683
49
8558
6334
2808
9039
2121
9606
9926
7994
6467
7169
632
6724
2738
2981
2767
1731
8839
3606
4711
1311
9602
2411
1195
8610
1512
6337
9283
4170
5494
9317
571
4051
5650
3378
9442
4122
2983
9367
2115
5801
2887
9098
2524
5624
2078
5290
7354
7268
8896
8416
8579
4849
826
6125
9810
8690
2461
9092
2859
4306
8408
9781
8357
409
3159
7798
882
2493
3516
2996
8294
6402
8445
817
8377
522
6107
2082
7789
1354
498
2719
6202
1323
8843
2363
6364
7655
1454
5575
1961
6213
5355
317
2973
4865
4466
3854
7358
7981
6849
5651
734
1645
6467
9110
8518
8925
1191
2658
6630
1688
5377
2831
9363
571
5193
5726
4578
2998
1300
6538
5562
3007
3206
8534
7871
4023
2387
5228
2003
5587
7230
2736
3583
49
8197
2100
5325
9387
4758
1955
1075
134
1137
6789
7056
2682
8866
1633
5679
166
4522
7593
9524
7727
6126
7394
1749
4865
8974
103
6803
6203
9190
386
2603
7386
2485
7928
6773
7242
9882
4199
3727
1018
7339
7135
3699
6204
8767
5730
2721
3289
3322
2244
7367
5799
5990
5468
7015
4963
5570
170
7517
4760
555
120
8497
9391
8047
1621
2985
4280
2171
3063
1649
9509
197
1700
5713
5316
7429
4785
8604
7102
7029
2322
9252
3018
7789
2619
7980
3359
2788
1848
4470
3342
1967
9318
9084
6365
939
2068
6996
3109
1483
8645
2618
1679
344
4682
6994
4124
9466
1949
7577
2846
623
3180
5863
8411
5798
194
8121
8585
8394
8942
8278
360
8260
7362
3077
9198
9429
72
8658
911
5068
1275
8942
1763
2308
2287
5886
8126
588
9814
971
1210
2994
3186
9620
8791
9731
4093
7376
8124
3034
5653
4836
7645
9366
7912
6842
5147
4335
5500
2409
5755
3126
1350
7517
1786
9989
3403
6263
576
9568
7233
1785
2561
6770
7756
7704
6501
8200
5079
976
7586
7083
5811
5230
6449
74
8424
1595
761
275
4003
6515
9752
1705
383
1537
1693
3785
7799
8620
9705
1384
6756
2265
4505
863
9968
7357
9063
1398
8333
6648
4833
495
8229
7633
6921
6652
9227
4033
6926
9581
547
6678
7637
929
4566
5681
1066
8717
4300
770
6452
1055
9386
956
1918
5706
4665
7332
7103
2997
3979
1935
9843
2207
9567
6763
8859
5145
795
2136
1078
7693
5165
5066
4974
6083
747
2391
4799
1398
9512
7602
2453
5249
4909
722
954
9573
8053
8057
8921
8383
6343
5116
6941
2262
1878
5799
7406
9025
4287
4835
3069
5803
9901
4394
1885
6999
3136
3035
8396
2647
636
7200
7896
1897
4273
5201
7821
2325
3257
6742
7059
5952
1857
4000
8213
86
6150
5618
5462
436
6805
4883
6239
3057
5628
4475
55
8764
7510
4802
7762
4497
8354
2009
6393
2626
7210
4214
4951
6818
7307
2009
2769
5515
2360
981
5600
8510
2951
7414
8945
9755
8648
1535
9163
4275
6010
5569
3038
9871
370
7152
4367
8723
9160
7112
1349
2721
1325
2651
9539
4983
1011
8659
497
3371
9640
2448
8232
2590
9861
7176
8696
8508
5063
4210
9135
7424
9778
8524
7294
6499
5675
1660
1574
1187
8771
9274
3907
6447
1924
9797
1429
9286
8456
8277
9008
4447
725
7239
3388
6937
767
8435
5445
2181
2644
931
9604
8773
9454
6897
5271
5129
4908
6844
2667
3679
2469
6573
6477
4392
2722
4258
30
7529
2534
5389
1975
3258
2628
1714
195
9746
148
1991
1926
9143
2921
1529
7915
2374
4777
9537
3854
9684
2733
6520
9714
5201
9445
6191
5945
8518
448
5974
6046
2981
7714
4372
2591
6693
2437
2785
6438
2584
1127
4715
8078
4047
2595
5992
2772
7371
1880
2978
7055
4612
9497
3120
9813
5293
9310
5757
3810
6109
8082
6207
5442
5795
6930
8032
2488
9366
7168
5277
8301
8294
9992
2730
8692
2586
8721
7815
6309
601
792
3363
5212
6641
2834
1376
1933
8496
7132
2095
4604
1565
4653
6397
7360
7935
780
6199
7300
7947
7827
1953
2592
7818
4682
7635
6756
9755
1802
3064
6707
2593
2778
8270
5585
5611
9646
3870
4106
3129
2316
5062
4694
6968
1458
8405
4902
8590
4603
8554
2888
2429
6858
5480
6599
1539
9466
3354
7645
1267
2769
4351
212
5546
2621
2148
1156
8618
6017
1614
1746
8332
6675
2791
1652
4484
1195
2905
3073
2149
1458
5961
930
8315
7792
7528
6206
3609
7233
202
4876
1
4553
1439
1898
3525
9938
9405
8494
5955
1018
6591
638
4044
9382
8641
8528
6928
1546
7952
9077
9355
3912
6
4022
8055
3885
227
1664
7469
6780
2891
3821
1332
681
5718
1208
618
5122
9701
2924
2492
6292
3562
2887
2025
8554
7766
8952
99
5718
4380
9454
5981
4385
3475
4036
4621
53
2051
2089
6832
4941
5909
4516
5621
7978
2075
2590
3100
1776
5514
1943
4419
5427
4829
2795
3980
2595
1746
431
4664
6126
9884
6996
6862
9710
1031
1483
6114
9433
9923
2945
4373
2184
3812
6345
161
5887
5287
9612
4014
800
1554
4784
6226
2735
7578
6557
1681
9323
6987
2696
1800
3222
9691
8662
2931
7074
6496
5396
6506
2770
4693
7231
4953
8504
9927
1466
742
5213
1077
4755
2364
8983
9538
8589
1717
3467
1498
9749
2790
8484
2444
941
8058
2134
9602
7340
5559
2449
2736
2065
1571
7428
9295
6523
2283
5573
7988
3025
786
5417
4131
3149
4399
21
8090
6115
3487
5939
2215
2628
774
4658
3569
8831
3143
9522
6171
8702
8323
8906
7118
9893
2685
2764
2767
4967
8336
7107
4343
5473
2523
8474
4974
6921
8494
3063
9387
8332
9001
1601
960
9774
2610
880
4957
2104
401
1127
7157
8723
6384
4274
4967
5420
7037
7734
386
1725
4840
4729
7197
7362
9554
2170
634
4399
1584
20
2730
6936
7972
41
3062
6933
920
8018
9036
7673
5496
6193
2747
1879
6818
7714
3650
3855
1799
4035
1931
6638
5115
5479
351
4668
7649
7336
9066
5584
7355
8148
2520
1678
8188
1933
8610
5460
9950
3997
3132
5445
6541
5878
3675
3359
9943
7324
3565
1741
7710
5495
4730
2825
973
1432
3844
4973
8767
9262
557
2473
7409
9428
4150
1948
1360
9111
7407
7661
9460
538
9457
6000
2768
3131
9358
2710
6806
2922
4451
867
4768
5532
43
5741
6964
3887
7065
5730
9500
7621
8203
6908
3400
8704
8855
1111
7815
2614
8771
7274
3151
8227
3273
5918
7709
8983
4980
866
1904
5782
1733
6672
1313
8127
8764
8276
8365
5828
4006
7864
9801
2208
4771
9552
911
9978
663
5077
2591
9433
8702
2093
4012
8327
4363
1720
7309
9342
8938
5564
5123
7022
8587
2787
5148
7350
1063
3513
9530
5068
1376
5682
3627
2499
5233
889
2476
2247
2318
1418
8032
1019
9862
2043
9345
4224
114
3005
9917
9051
8569
5039
6072
3507
7826
7572
7209
5240
1084
3090
6659
2459
8771
6637
1309
355
7525
136
2602
6194
1553
633
7213
1415
2675
2909
1990
9140
2266
1907
8191
7186
3297
614
692
7474
8185
4252
2713
5620
7341
9371
4431
6111
6007
5739
6466
9884
5875
9067
6077
3779
6051
9641
1545
5077
8902
3535
4216
1167
1793
8758
8352
5089
9372
5395
2563
3908
9647
1627
9528
6987
7350
310
9450
9708
6048
5915
9591
8274
1333
2020
2053
7383
1660
3597
2459
6913
3483
3026
8079
5275
1784
2782
6716
7507
8177
9278
7766
4175
7256
3645
1161
4605
3954
610
4313
2
2876
255
8275
560
2274
6679
7942
286
6628
6752
7198
110
6130
5277
1737
7913
4410
8452
1771
8938
4081
9536
3112
1336
3181
4273
5941
3486
1234
6605
9839
462
6859
8114
1021
5485
1144
5315
5770
7771
2066
9319
4233
4547
947
5969
2459
5357
772
581
4294
4852
117
7406
2539
9649
8030
4831
3134
5615
1435
2973
6076
4646
7438
7097
130
4933
2411
2251
2704
828
1569
6936
5375
8868
9256
4185
4224
27
1118
4869
1230
7586
8626
3768
7234
6655
8599
6719
8622
33
6043
1049
1030
9832
4497
1159
1117
6907
9761
3820
4087
7682
7107
5813
6549
2714
6349
7124
2740
7466
1992
3969
1403
618
4088
8636
3624
2686
1707
8597
9071
4101
9646
100
285
4142
7611
1401
7401
7371
1572
7839
5052
8678
3651
7952
1391
6351
5075
482
169
7067
802
1571
4036
4889
6559
7659
3927
4617
6256
9349
5069
2253
9448
5353
6394
3410
3105
3794
7133
4676
1632
8536
9705
1634
6488
7447
4337
1562
4280
4505
4980
5081
6075
9015
6322
8985
3026
6600
3601
9281
5948
8670
7885
1747
374
4278
5157
3479
4424
2289
4506
2407
824
563
393
7311
4361
4729
5225
8641
9233
204
73
1659
9219
2746
644
2244
9345
596
7876
1644
9265
5760
3391
9639
37
8547
9469
812
7187
326
3219
8010
7240
3611
1673
1601
4691
6897
241
3923
7100
6665
1933
2670
9411
8928
4913
5107
9524
2788
6751
8788
4899
141
4778
1288
5039
598
2099
2225
924
1669
6586
8163
5279
8258
9763
6321
1506
6355
6595
8606
9372
8528
7627
5134
7455
2540
240
3330
1679
3342
2118
6578
9834
3247
7865
4872
3845
9963
3448
4768
7984
34
9282
9614
4643
5397
5935
6149
8103
2529
1106
7474
1056
8732
2607
4863
7623
9199
8192
9302
2540
6661
2231
2374
6260
95
3597
104
6409
7045
1223
4392
3430
6856
4006
8072
2252
9940
572
355
2468
8029
4180
9876
6761
3139
1090
4383
2337
5633
36
1228
8646
2266
9953
4905
8712
9902
1360
5121
3298
8934
5864
6727
5789
9869
1150
4393
6160
1722
1099
4980
9750
5278
1207
2862
8416
2296
3597
7104
4280
3632
4684
2925
2250
988
4181
961
889
5540
2433
4186
825
8297
912
6614
4517
8414
7358
7029
135
8456
2008
6236
85
9566
9098
4853
8213
2694
1956
2492
2677
2991
1769
4926
3979
5949
2239
4867
7841
4671
9053
8665
9319
6316
1630
3836
4729
8987
864
1215
3794
9223
7451
3879
5140
6548
8731
3352
5593
7038
2195
4621
29
3963
5899
4007
6264
8137
5225
456
9159
4277
5472
8478
6945
3454
8665
1673
8792
5880
2888
2586
1454
6690
2816
6593
9589
1546
6296
5181
4935
8490
6153
4963
8805
2051
5321
1420
6539
546
8227
5698
1174
3698
527
8118
3503
9191
6143
2295
5070
5382
4880
6523
2071
7695
9467
1659
5592
5762
3191
526
603
9343
1841
5759
7746
7161
7178
4284
4058
1756
9981
5232
5454
507
9701
8956
6049
5843
7602
1118
1224
8833
3992
9646
2879
9810
7656
8470
1923
7198
5348
2526
2893
7188
4636
638
700
8166
4921
4758
9921
1254
6341
1726
8112
6041
7034
4161
1884
4635
1630
9459
3468
1974
5457
6346
8135
3112
1168
58
310
2867
8935
9554
54
3570
191
7105
1735
1463
8214
8008
2716
4554
9733
7180
595
6766
7692
8830
7753
9321
4640
7572
7646
96
3917
5781
9560
1436
2190
6221
4302
1124
5774
707
1045
5964
4164
9132
7426
2377
7139
6494
6931
3223
3673
3877
6341
1364
9058
4093
7036
3697
8016
1034
145
8284
3166
9704
9720
5355
5924
373
2830
1697
1080
3874
4012
5243
9357
1437
3971
2847
4282
7253
6070
4306
7481
8762
2021
6538
9206
9057
6587
7221
6442
6731
5504
9607
6434
5223
1313
2357
1948
4142
405
3027
4367
4416
4621
76
2204
4943
2922
6486
2196
5343
791
9676
4104
2812
6214
3309
8220
9152
529
1013
5882
2385
619
2315
3959
1931
1023
5906
2424
1427
8932
3142
5842
9904
3217
4397
4847
6139
882
3394
1481
8025
3069
1937
7188
5634
5245
5407
4785
2126
2771
666
4510
3389
9332
8468
1671
354
726
446
8132
6009
3587
3973
5913
6804
4722
7111
9294
5603
504
7126
9979
9924
9062
7166
1910
659
8924
6694
2784
1694
3712
3645
5082
9395
8464
3104
9749
9189
3549
7880
5198
7136
8205
7462
291
2926
4572
5936
4880
1427
3061
4859
1350
2123
2024
9611
9133
948
2657
1916
8993
6368
1912
427
5762
375
3530
1862
5916
3431
6094
1113
6918
4298
8574
7208
3575
9497
9495
8454
923
2555
3312
8624
1029
1688
4587
161
8987
7243
8428
7979
3610
339
8405
5723
7066
8287
3937
2981
1717
30
4093
8634
679
9018
2193
4253
4866
1687
9058
2140
4241
2370
7115
1622
409
1701
1782
9395
8943
210
3725
8904
6900
2130
979
3965
416
4915
3297
8484
1296
3741
7117
1974
2758
5661
2578
3975
7347
1635
6114
7939
356
3229
9560
764
1281
1342
6510
224
7903
235
9127
1154
8716
105
1471
5483
1371
4767
3966
2666
8508
7434
991
7617
3094
3568
1592
440
5203
4057
8378
1910
3637
7938
2674
4918
5631
5535
1493
9885
5769
619
7390
4484
7076
8860
6318
4798
3627
283
3816
8486
7716
4806
6102
7161
8374
4045
7600
9928
4454
2330
8189
4442
6619
7214
9359
8601
2749
851
8485
8517
7822
2226
9353
1249
1086
5670
6046
1064
2305
9861
9549
6372
1019
2002
3533
5744
2399
1132
2023
3204
9813
211
7645
6431
7425
7004
5031
173
4206
9867
5041
8379
2093
745
9627
9530
2767
2025
593
5071
8237
6493
1442
9255
4846
4974
4998
7244
2458
7020
447
2270
3583
8092
5053
1007
1447
6435
7531
2004
2654
2571
383
1098
9668
6361
627
2434
4737
7571
7504
2974
4063
5297
8580
8908
6623
9930
2504
9080
6949
9302
7701
6883
7393
9105
7889
5191
5540
1771
7195
8193
4342
7577
9290
4009
289
6268
2794
5026
3838
297
7999
4252
1945
2930
9511
8567
2859
2014
7646
6160
7668
1699
3042
1412
803
7283
6603
6342
9053
149
886
9746
4077
6527
3754
4365
2794
2899
9390
2983
3195
3740
7234
1492
6670
3097
58
5880
1462
7704
2039
9129
5754
5081
541
6556
8715
7143
9250
7767
7291
6487
7513
1367
3014
7618
2083
2159
517
7825
5142
63
1564
8727
1554
4585
1823
1612
6817
3285
5667
8855
2413
7772
287
9305
679
9001
6447
9928
3120
89
2767
632
7807
2132
4601
6242
4290
1469
4066
5783
1532
1981
862
9437
2918
9036
7400
9734
2320
9418
4940
1085
7189
5227
6741
7868
579
3188
4147
50
9628
6913
7033
3787
5396
1634
28
9686
3102
4093
1820
985
2425
2681
422
5342
1717
7821
5075
388
7239
15
7824
4427
1593
4565
8646
8523
4104
2793
8573
3731
6057
5605
3869
1453
3590
3896
7490
6692
4340
9309
7676
6765
8342
8097
8458
58
2270
3533
445
5860
9899
4621
6638
7843
9185
5284
6365
3288
4428
1289
3370
6836
6894
7239
4640
483
7486
2129
3526
1826
7790
1202
4942
2483
5650
3399
2540
4271
3283
9336
130
9533
3956
6768
7375
9492
2051
92
2779
2830
1380
6149
9665
4625
3387
4305
1460
872
2785
4985
9049
6926
2538
342
9408
4540
93
8299
8810
9727
3987
8940
9260
4294
2059
6634
3786
461
3077
6564
3290
4457
2712
9306
9081
2450
9962
540
9674
9099
1877
8722
6024
4414
5416
1784
5305
5508
82
4115
5234
420
9406
845
4714
1464
7479
8499
1924
6907
1414
1565
1363
478
870
6796
2927
832
3687
2600
9930
5563
7674
2305
6329
3089
4088
1633
4948
522
2099
6533
7293
1504
7378
2006
9319
1208
6856
7594
8114
8270
9158
9477
8747
6380
2624
8025
7211
6310
6977
3492
1873
4650
2148
4553
4090
2588
6185
5389
3109
4636
1921
401
6139
5650
8759
1810
6857
5614
9403
1323
235
4913
7151
8981
1292
9774
3358
4854
6083
334
4697
4307
4983
6844
8859
5424
9431
1396
7164
8891
6031
9084
5644
8521
1086
4402
330
4294
6367
6085
5616
6602
997
9118
1934
8640
8891
5291
9845
1326
5624
4541
5632
6958
1384
843
8733
7167
2238
5896
6057
8268
1332
8052
3140
2417
2453
3470
6710
5172
5906
8678
1773
6902
7795
3706
1893
3038
5349
1737
4363
972
6277
6346
7930
4012
3540
3014
7530
5777
8910
9939
396
241
7990
3536
2657
6795
3357
5718
1966
9262
4395
90
2515
8542
147
4407
1579
5495
2495
2293
6467
5123
4990
748
9134
8530
3761
3016
658
9022
2954
1054
9262
943
4589
1918
4089
7945
7636
2406
3558
8382
2495
6072
6923
2642
6830
8501
8136
9324
7145
954
4446
2135
8053
9931
664
8166
2946
1321
7187
5899
8726
6449
3194
9666
8366
3634
7610
2353
6040
7519
735
8534
3590
4009
1175
419
2510
5663
9742
6006
6616
539
8140
1021
470
5155
9186
3415
2828
6372
9314
1553
2820
8859
7571
7538
2492
1532
6242
8531
9051
3328
3417
2640
7337
4591
9411
6198
6605
9152
2203
9573
9691
6695
593
6512
8201
9778
9926
1028
6149
5591
8933
5321
4449
6503
2858
3293
8034
5451
8175
7084
8779
1591
6076
2467
2534
5486
8664
9138
989
7218
8710
7031
3912
5654
3542
2113
5431
3468
9492
7932
5410
4776
3252
6211
1278
2461
9503
5664
4263
7677
9099
3041
9268
5174
5507
8153
7011
522
7290
4352
4092
2352
1382
8003
8005
1276
6467
9788
1095
2311
7719
6504
7086
7322
2714
4716
6134
2216
6731
396
6245
5829
9789
1864
7355
1647
16
717
8521
3657
5068
2612
2360
2802
614
365
4077
3433
152
5171
2095
4222
1674
9180
7895
4388
247
380
2955
6977
775
5551
9158
6915
3766
2864
8562
133
3580
7082
3790
5000
9693
6149
7801
6658
2865
1877
6442
9368
3399
8536
3589
5072
4068
7835
5811
666
8214
5118
3995
5341
7020
9504
2255
786
2367
7168
918
2298
601
4707
3649
6645
7208
1449
9655
72
9677
6096
9440
9427
984
9380
4499
1403
3567
6661
2068
1780
8130
2414
3472
5150
1917
2079
2287
635
9246
3204
2933
6199
4263
6581
9195
7822
4382
8849
7893
410
1297
3684
9837
8632
9416
687
34
2982
3699
8453
1113
1829
867
4585
3330
9135
6663
5616
9770
2260
5171
2702
4810
9433
5634
4005
3606
6367
9205
7851
6777
6853
1534
6613
5484
7301
7299
1869
282
997
6674
1395
9177
3892
5979
2506
3026
8993
4473
2795
1252
9644
1848
6062
5428
7482
66
9034
3848
5622
6884
6976
2475
4769
9940
4310
2070
7238
2531
8703
4587
9204
6449
115
3095
2427
8973
2472
1419
3445
5267
9023
9440
7114
5084
4868
947
1501
253
1147
7122
3488
8122
5948
8256
8062
258
6677
1651
2788
1732
2589
8343
8180
9056
7789
6959
8028
260
8377
1472
1878
3751
912
8992
8834
2131
6290
6686
2383
3788
160
5870
8262
6107
477
6323
2716
3506
4325
5503
5237
3266
197
3416
2321
7985
374
6700
8245
5103
8171
6474
5205
5434
1817
391
7564
8107
7076
6298
1894
7235
8519
155
9694
5348
2829
2409
5205
3506
4264
441
3123
4460
208
1795
8797
6934
8494
3393
8388
3016
9866
3592
8450
1683
334
2365
6141
7410
5015
4386
996
9885
893
689
5232
73
9450
436
3578
65
7228
3052
876
3788
4846
9672
7073
9691
9416
1812
2707
9282
1755
7508
7316
2089
6224
3456
9498
7590
7841
6845
7475
8733
3886
9058
8806
3335
5846
8735
9751
9425
8139
626
3212
2984
298
6636
9027
9713
8447
1733
5346
202
5592
2661
8642
1815
2468
4491
5757
6661
1335
3231
1745
5220
2288
6902
4906
4485
1989
4656
3910
127
1634
3473
9462
1931
109
8488
7995
4907
6572
9693
1460
2163
8705
101
330
7525
4591
6086
4185
2278
5668
2281
3849
4307
9183
8755
8792
1171
9762
9053
7649
1395
2525
7110
9677
2633
1950
4024
3892
8521
68
5351
7036
5124
5452
3717
2648
6394
6154
6832
5023
8173
9113
8872
2479
4647
3978
7622
2169
91
6674
9817
7838
5551
3278
3866
4535
1579
7889
8426
6452
4308
3777
3487
9432
5580
3555
2079
8325
9708
5263
3348
4232
727
2219
6710
5373
2548
684
3893
2638
3709
61
475
9259
3338
4341
3794
4917
8581
2219
1368
2889
2347
1206
8672
4278
1112
750
2603
819
6012
5950
1402
3090
4520
8111
4814
7067
5146
8706
6056
8855
8766
6531
4465
8456
871
8258
9724
9451
6829
1091
8691
9175
8648
7362
9805
9759
4464
2407
6929
6827
4708
8330
9917
5579
2792
4730
8997
4290
9788
5052
3144
8553
1582
3960
3360
8804
2218
3083
4607
5398
525
3297
924
9172
7011
728
5282
1474
3134
8562
8300
4193
3243
4568
9771
6035
9298
8767
6676
9085
3819
6171
3989
5400
130
7349
556
2347
6783
5162
4096
7308
8458
5020
2831
1820
5747
8113
3293
5233
6674
7945
9425
9917
2512
9196
2303
8161
7962
8978
3597
8132
1500
3938
9884
1629
1286
439
328
8068
5600
4423
1727
409
9442
4558
2229
5189
9022
1873
421
2047
9817
6197
8315
8681
5392
617
6841
9706
5946
438
7837
7445
727
4072
5426
2012
4510
5753
6431
109
175
4510
6870
9617
9067
9098
1157
8088
7322
7929
134
7139
4125
8449
2171
5869
5417
9011
5574
7715
5800
9762
1511
6526
186
6936
4889
4695
2688
7672
1156
2863
8533
8025
8831
7599
3474
6339
2038
795
619
8523
4285
1095
6971
6455
6963
8740
1818
8888
6454
3969
5002
4316
6847
5187
1252
8087
9881
3939
2110
7388
3153
642
5412
8335
8240
5237
1025
6629
2384
1643
5152
6668
2738
8474
9475
6052
7213
7644
4940
18
1612
9941
686
8458
5127
1937
2897
1359
2227
5006
8747
1732
5648
510
66
239
5747
7443
6868
4482
9085
2019
1149
8174
492
6975
4226
4057
4618
5517
426
2582
1809
1111
1039
6935
9399
3935
4645
1626
5293
3391
3357
940
253
9774
1178
5999
7216
8045
480
2653
6415
7980
7178
6907
1307
7755
7315
5924
3271
4092
8505
5079
1555
5896
8365
953
6182
9362
2578
1474
2752
2286
2413
3004
8412
3591
5354
5627
7987
2185
4631
4402
6517
1809
7660
7823
5915
1326
98
9186
5417
4955
616
6971
850
5333
7924
3383
4694
6853
4857
3797
5491
3621
3153
3902
3563
4858
5880
7902
3395
511
2303
6263
8671
6314
4085
4585
7639
534
122
9407
5488
7090
6378
2689
8774
653
6072
3467
3857
7280
3615
9347
7252
6767
9600
815
7977
5480
8716
1371
2342
7370
7633
7364
3683
8069
8300
7673
4954
8422
7079
442
1863
9808
9482
636
6812
1905
454
7021
5536
4068
6367
2788
7187
2319
9954
5163
7798
5021
2885
6491
8742
6869
3854
2424
1289
2153
6448
6242
6926
9878
3035
8788
9686
2517
5775
2849
773
6228
9869
6309
6648
2588
9096
3834
4906
5401
5348
9055
421
4584
1897
9162
1452
5750
7937
2740
4254
736
8981
1180
613
2016
6319
298
884
2094
9499
1656
4673
9367
4316
1320
1954
9763
1505
3211
5163
6852
2265
1935
7787
4161
7448
9238
6262
5384
8329
6868
6119
7310
8047
6732
5677
717
3381
2912
9162
2879
919
3835
8598
5235
1506
551
1349
3011
3762
6512
6214
2378
4798
4001
2891
2246
9590
5504
3981
7919
2371
6452
1580
417
9535
3608
7486
2915
6519
6647
2146
3789
6833
743
5375
8339
7645
6724
7701
7758
9587
3914
6488
4384
4266
9378
6629
3856
4881
610
1774
7252
7061
3353
4020
6595
6960
7857
5861
9830
4504
4358
9970
7688
5100
5345
6026
9097
2068
78
6854
1654
3992
3341
2389
8257
9070
9018
2112
3951
5979
237
7554
9391
9941
7925
2337
3252
5782
8197
3081
6637
2555
3051
4324
4006
4747
6702
3102
6814
6779
6308
4819
770
6000
7207
5379
5070
2576
3842
5372
4906
4079
9277
4296
4019
7201
6632
7271
2982
1181
6703
5970
3735
6105
294
4092
7203
3347
3546
368
125
6205
5186
7247
2204
8745
2625
3625
7672
2818
5348
2578
6896
976
3225
7267
8177
9857
889
7510
1037
3943
3480
1123
48
125
1566
3602
3471
1463
3970
9947
7667
5507
7193
6223
4251
6169
9847
8275
8987
1547
852
2234
2522
4076
9500
7050
284
6740
912
7672
683
743
5146
7082
867
6712
683
689
4526
4652
635
2193
159
4180
8415
761
6700
4613
9035
5686
2511
6238
4272
5033
6666
123
8434
6949
6863
9345
973
7545
87
6118
4626
7305
9181
1660
7993
3707
6312
4980
2251
2822
9159
665
3582
5858
1629
8969
7896
492
5206
8519
1876
1871
8641
309
5172
5503
9654
6144
9399
6092
8613
376
3397
7794
2036
7741
7852
4699
2720
102
7520
8230
7118
7453
440
5098
6421
4687
5589
1627
3205
7464
3497
8197
7773
5020
52
3778
1163
9450
6221
6128
9826
5969
273
8213
62
8124
2911
9133
4577
6782
7363
8046
4234
4154
3143
655
8840
5084
2281
8396
2547
2129
6592
6671
7149
6643
6800
4663
2445
9373
790
8622
5341
7414
6834
5402
5537
6096
887
6465
2877
8249
4510
7110
8754
4005
7764
3945
9088
6396
2340
7986
4877
5283
4657
8377
8278
7808
9391
722
7180
6533
9343
8873
3946
2528
626
9483
8623
1512
5947
1499
6112
6809
4960
1217
813
9076
5161
9900
1823
7500
7885
6699
9135
8893
5075
7412
3053
4466
4485
6584
998
179
1808
1295
2706
2434
777
7680
297
3076
5530
2761
6236
489
3977
7048
5916
9138
6947
7739
2989
1183
4437
8475
6428
5864
5886
9480
6681
6722
6063
4030
6900
7871
5324
5957
6656
2453
9988
3304
1880
5517
6064
8115
2358
6393
5162
8273
1882
8460
2363
4870
5994
3152
9697
2421
9015
1934
1900
2047
8656
4315
6076
1907
2185
7751
4216
5192
203
4203
8495
2082
9720
911
196
8429
7303
5357
3053
9184
168
5416
405
6162
4919
101
8582
3933
2035
6834
2331
690
1148
8406
8948
9684
2508
3163
4875
2711
7366
3369
1144
3437
4279
1340
8217
7933
3048
1269
7116
3216
3036
7521
5729
7954
3973
4310
8238
6007
1143
568
3048
8642
5325
1996
8325
7833
1510
3199
6895
8875
2920
8038
8663
7198
9377
6879
5131
8777
8148
8598
8344
7535
2470
4072
5489
6443
4733
3726
8801
2228
4294
1849
869
5970
196
9194
3802
1705
8744
7048
6932
1663
5086
5594
5213
814
2473
6695
9590
6972
5292
7933
4506
4114
2004
6346
556
6737
72
9356
8964
717
7556
6184
3038
7751
5377
3192
5808
473
239
2739
2135
5324
8332
7347
6138
7156
4041
5727
479
5685
3660
1337
9798
2015
7682
6705
5103
4105
6060
418
1173
3616
6602
4211
7718
8330
7402
3525
8802
7640
6263
7289
2964
947
987
5453
4454
1380
1179
4933
7064
1190
2621
3213
9557
6654
9917
4659
759
2328
1429
1931
2295
8030
6141
13
2711
9894
3537
1513
7534
6152
5153
6849
7098
6139
2301
7903
7518
9831
9187
4581
1021
1807
4145
6929
8461
4061
7939
5571
2741
9367
7501
5035
7396
9994
5047
107
9887
4936
7971
3772
1087
9475
620
4536
5613
9272
2438
3131
9103
7977
4063
6475
9783
8208
3403
4595
8620
1341
165
1360
708
4018
6395
4455
4011
1441
913
249
2728
5235
4021
3814
4709
992
4701
322
264
3491
9804
9366
1467
3866
2192
7601
2073
5594
2196
7045
3286
8712
8404
345
2729
4798
1152
3091
2591
2064
3340
5318
3651
3712
5484
8359
1055
6536
5032
7670
26
4835
3387
7844
5053
5578
5445
7125
7523
3992
4169
809
2703
8925
1153
1784
74
8656
4874
2664
720
4565
4334
4370
4628
6169
9080
2035
2704
464
9704
9082
5298
3091
6925
350
8668
2369
3827
6191
2712
4347
3351
1767
9623
855
3550
9697
9511
4775
2360
6582
9340
3045
7303
319
9213
6382
2353
8269
3197
8409
7350
8495
1499
4274
5196
6518
2995
5374
9060
5706
6073
2410
3824
5695
9617
7373
5391
9127
2148
4103
2060
7839
7147
9362
4509
2712
2095
3214
980
5292
1622
8329
138
3120
8954
1685
5989
1948
7059
5049
4006
3131
3810
7829
8825
3426
1554
4216
8904
53
8318
963
4243
1816
324
8751
4527
8771
8316
1858
4062
9937
6538
4199
9408
5492
2235
5397
3791
9293
445
4148
2423
4254
8329
7600
7680
6234
8167
2935
6286
2836
3898
6880
4651
573
1982
5530
9343
298
7387
3404
234
277
3954
9642
2120
6189
5038
5910
1833
1834
6410
608
6087
1090
8207
118
7323
6373
3053
9960
9208
3302
6839
210
3874
8820
5739
3217
5469
9478
2972
2055
9754
3278
1696
1873
5818
3085
4134
7650
1270
6895
4609
3708
7984
9167
178
1658
5539
9582
1617
1098
2883
4807
7660
3108
9979
3398
2676
5447
9227
2000
7501
5332
5277
5548
3556
7446
4984
7690
1447
6253
936
6056
6313
8920
5222
6490
577
7113
6071
8546
4562
8953
3352
2221
8412
3330
1971
1088
8777
1197
3087
2629
2881
4715
8177
6436
2160
9512
477
9958
2117
1413
6013
8429
6684
7587
4918
3612
1051
988
2157
5612
6292
5509
4185
4703
8838
6155
2142
3966
3703
5228
6595
6583
9942
1123
3019
8453
6986
3495
8411
9102
1259
775
7530
7942
8361
8799
1554
9411
9786
3710
1375
2429
5570
5559
3484
760
1713
5625
1077
1767
7205
4023
8350
3498
5145
7720
1951
8483
7566
6713
7584
8825
7487
1466
6766
2200
264
4671
7962
6402
4733
5688
8830
302
1246
8665
7413
9310
4290
8490
1077
7846
2512
5778
1343
4009
9849
9645
2491
7414
6357
6426
2590
196
7891
5708
2395
8155
378
6708
4556
5110
2396
9737
1764
9993
8402
5528
9303
9043
4017
6731
6888
2881
8860
8230
6889
8708
7875
5731
6121
583
2156
5063
778
47
770
9524
4553
1147
6232
9108
2609
4979
8844
724
4971
7245
6251
4273
6287
6620
7355
9526
9500
6214
4108
2740
4921
8334
4822
7394
8916
6977
2456
9694
3375
3225
9217
4279
723
1800
3386
9683
6778
8582
406
1749
2178
3009
2373
4817
9628
9728
4342
5479
5941
8449
8218
7214
6782
9391
959
2050
2719
3414
1743
6094
2990
7311
6724
3712
5463
6462
9747
2240
5043
152
340
7220
9512
9065
8388
5491
8792
2730
969
1084
7530
5538
4649
664
4928
5607
2713
7647
5372
807
92
8361
4469
6815
8425
9931
3276
8171
8523
4670
4674
8862
1890
538
7926
277
6028
3069
9358
6997
505
3240
8886
5153
3903
3814
760
2967
7812
6131
3773
7903
844
8241
1069
9268
4524
697
3790
3046
5366
4815
1907
3607
5352
6185
236
1380
5605
5945
4728
6109
9184
3613
1262
3086
7426
8373
2404
1589
855
6176
5843
1698
769
6912
7317
5292
3960
1106
8337
9325
5921
6595
9284
7624
9131
9519
9003
4736
5463
3730
844
4647
7343
8457
4084
1120
6829
2840
9061
4036
9015
4903
5733
6135
1814
9402
1426
5773
6859
6114
1450
9131
2709
733
6755
1839
251
5757
6574
2065
5839
7418
3063
9533
2226
3499
7004
9055
6338
6064
3090
1704
967
5174
7839
9132
927
9264
1257
7786
1730
2706
6916
4438
9790
22
2628
6392
2131
9202
8456
7969
2971
7871
7501
5196
1369
4504
602
4058
6920
43
5761
7886
1569
9951
3369
8847
5567
4625
6632
7296
3682
9900
1733
3471
9921
4360
9862
2051
9913
4670
6371
9235
8892
223
783
6612
1079
7736
669
7998
7779
2781
2235
5699
2732
5603
4545
8298
228
7529
5593
3909
7428
3677
3732
3700
4388
9945
2103
4301
4614
8473
9887
3505
5048
669
6468
6126
8405
7136
4123
2535
6269
6357
4585
9000
8311
9129
3649
8538
6657
9241
8799
436
9269
2530
4136
3656
8826
2590
4308
3440
7414
4195
3296
2461
1215
9764
8586
9619
3251
9060
8505
9519
1768
3089
4870
79
8570
8518
4968
5226
4110
3766
2014
3378
2647
6149
7034
1473
5090
1341
1264
2503
1887
911
1316
3102
7026
6253
9072
277
5313
7577
9795
3432
7017
4665
9862
5586
9534
4830
7164
3644
4947
9177
7021
7594
1677
406
5418
6766
8099
3033
5620
9985
3943
6935
9438
969
9540
8510
1245
1204
2438
7391
4635
5806
8407
4497
1392
7941
9326
4907
7936
4272
4083
4956
8217
5759
5362
9986
8876
9812
3018
4495
9796
3313
7782
5586
4281
7321
4095
1877
8524
2884
5619
9510
8689
378
4006
6432
4670
9683
1338
2605
307
1772
7560
4875
7530
9273
4861
2757
9084
4230
7252
5232
7542
1385
817
8174
5057
1263
6402
9932
4146
8373
9441
9186
5102
9799
1970
9771
9481
3307
2375
6139
1431
6286
1014
8960
5559
2226
1717
994
2807
5320
2577
6701
3056
3393
1226
8112
1007
3980
8043
1504
2352
3835
690
7453
3633
2659
3575
9466
2317
5949
1956
3747
2234
2969
9059
4144
1546
7127
1490
4353
8798
4066
7405
1853
7459
8630
6316
4817
2609
710
6321
1312
4544
7010
5116
8177
6020
8690
3994
4688
990
5949
4787
9576
5270
197
3719
3167
3675
5208
3871
2472
9274
1275
676
3084
9905
6991
7900
8865
7700
4220
6529
8595
7581
1644
6771
9952
6686
7116
992
4027
9417
2130
3602
4686
2326
7321
7852
6000
8880
1723
4823
8153
9349
5498
7588
5605
2488
1840
4470
6539
2411
7350
5133
9992
8993
8256
6295
2030
1723
7286
6057
1139
5767
9658
5824
4444
3330
28
443
2210
8102
1617
6714
7450
7114
4302
3055
5953
6141
3876
8843
8551
1225
3976
4894
6569
8583
7541
8599
305
4826
1007
1444
6945
664
3619
1388
346
3646
8183
2555
1747
9799
9268
9197
3265
9921
8603
9217
2413
2478
8060
7316
3702
8387
2209
270
6969
9749
8868
3625
927
6226
5068
7871
3242
8687
9258
3587
8684
3792
6141
431
3591
1760
5979
6855
8033
4581
2423
445
7058
482
7760
759
5220
6321
7380
8540
6069
2600
2165
3347
8825
