1698
2966
501
2410
1769
449
1619
1728
4
2361
1595
2356
779
837
1171
854
1345
1005
2293
579
2477
474
1545
2497
456
129
1848
2617
159
2864
400
2209
182
1252
1618
2302
1700
589
1029
2055
301
2975
1410
1431
1164
2932
2284
2860
936
1929
439
764
2402
1983
261
2857
2463
2460
2825
2974
2675
576
2182
208
1827
1151
2509
878
2091
889
2932
2391
1216
1341
822
2379
1272
457
2238
2559
2385
28
323
2138
2363
935
2346
2177
746
2171
2150
772
2746
1683
980
1925
186
840
2802
2276
2081
2734
2019
296
1426
192
2674
50
648
2263
2608
385
2291
282
2874
2005
1568
2220
1181
2665
1742
331
437
1839
2365
1768
763
2550
2607
917
2178
1687
1002
1196
1982
2427
1739
2007
2476
2738
1622
2436
122
1264
69
2996
268
1637
2567
1448
1301
1308
2130
2089
146
1847
856
1261
1396
463
2177
925
2501
530
2472
1835
2956
1210
841
2784
948
2814
2571
1421
1077
2639
1416
1696
1627
1334
496
280
2641
2625
2368
139
1471
224
1751
219
1038
1279
1143
538
1808
615
2372
2115
2176
565
1898
123
730
1820
1544
1807
1811
311
854
437
1645
1349
716
1637
974
436
2127
2796
659
877
14
2048
2507
1509
2585
1314
2475
2309
429
1650
225
2678
1773
954
1850
668
112
660
1330
966
1096
326
2314
2164
2315
639
2599
1441
435
609
2670
800
2656
2176
2660
2592
842
2134
2252
1622
784
2476
1651
2908
430
500
927
893
1159
2256
1858
2607
2582
1524
1770
2248
2162
1720
688
2948
2328
709
748
1983
237
407
1926
1078
2893
1178
51
676
1005
1701
935
1434
2201
1861
2679
711
1116
1536
317
1049
59
2438
296
2573
1157
1336
2520
484
2044
619
2818
2280
1378
2096
709
1270
273
759
2297
1277
2812
231
63
2012
2091
2741
74
558
1628
743
1607
2039
180
2254
1611
1337
589
1130
1820
2985
1749
1990
2616
126
1085
325
1747
1357
1435
1043
2985
1246
1273
399
609
715
491
683
1272
2119
1425
230
1157
1604
2836
2767
292
776
1248
2112
760
2996
1453
728
473
2537
1052
2219
1245
2486
613
1581
1084
1885
1980
1692
2951
2470
2374
1223
1940
1150
1804
96
106
1639
214
397
2767
1462
2508
526
1809
1312
1605
2634
848
2656
1852
2092
2494
2817
673
577
1701
4
2268
1652
2473
1994
226
1765
143
2381
2212
600
1372
2426
997
1138
1239
856
2015
399
2168
620
32
15
627
2236
2459
120
2052
483
1048
1104
486
668
2755
310
13
332
2074
507
65
1286
1107
1436
1063
2103
2573
2301
2958
1587
51
2125
2206
83
2492
2833
2318
1950
304
1369
2784
1704
2472
269
2723
2579
930
2735
262
4
241
326
1641
1699
1761
55
801
1685
2707
1111
272
2757
235
2829
2839
78
13
2156
2027
669
876
1810
2372
348
2430
2094
278
360
2180
891
715
2772
1217
2707
1471
329
2761
2623
2014
2467
733
2637
2223
1320
2465
2062
1397
2830
1569
776
498
2797
2937
221
496
2367
2666
773
78
1845
1663
1144
1616
231
850
438
560
610
61
2925
428
793
2561
2650
2112
2377
2063
861
2206
984
1636
2703
780
1572
2923
1275
1290
2940
2399
1367
1784
1413
2510
752
1644
711
1189
2555
1320
1249
2479
1747
2394
2039
1749
1857
1415
1163
2717
973
2146
1352
1027
277
276
1302
1551
1565
1241
1301
284
25
2714
145
776
1709
856
2316
1263
2175
917
741
1274
310
131
374
2166
1897
1536
1883
2869
1034
586
896
1310
861
2549
213
2778
789
1865
61
1165
1578
205
2292
286
1060
1608
1900
587
2524
2640
2212
185
2770
2585
2350
1667
1472
1584
1887
2857
2522
134
1167
382
2682
1731
159
471
595
571
1635
2525
776
1279
162
2187
2886
2062
2773
2761
2053
2336
2945
1823
2272
2646
841
744
1582
2727
600
1103
2861
2118
1836
2542
1200
2347
364
2147
2917
2351
2023
692
629
2184
2879
866
1597
3
626
650
2339
922
2824
1610
919
664
2705
2852
390
657
1306
602
126
142
496
1326
2488
859
824
2756
561
2846
448
1189
2381
678
2054
1330
1032
31
1979
722
1304
1802
2332
2575
2817
2388
2426
206
44
732
1160
522
873
1655
1847
712
2865
22
467
426
219
1266
1966
2599
2295
1372
928
327
1754
258
1048
58
2411
731
2632
2227
119
2409
2785
514
140
944
1035
1364
2950
233
2075
2814
606
2894
591
824
1159
2909
775
454
1280
1702
1132
385
2312
2179
442
1722
262
425
949
732
2834
733
1245
325
1676
2632
1689
1977
216
1115
2142
822
1008
2733
1645
2167
2993
2771
2972
1624
1473
1103
2008
784
633
2802
2857
894
226
805
1625
411
1537
222
736
564
205
2776
2540
772
890
1682
1593
1898
1766
590
1416
1758
360
1739
381
2184
2841
2388
319
825
2189
176
1719
2767
1332
695
529
2869
1268
1616
784
1824
1391
324
2596
2633
2357
1540
1530
1122
2481
297
231
193
2035
963
2728
2227
350
399
51
2891
926
2121
9
2257
168
537
2477
1787
2505
261
963
895
936
910
527
644
2801
2408
2117
2634
2704
2347
178
2090
309
2905
1668
1010
655
1719
1252
1580
1191
1612
1189
1710
2501
1017
497
2005
1277
1811
251
2564
2720
778
559
2520
537
2675
2505
593
2373
2682
2682
33
2939
1702
1395
593
420
2998
2525
1962
1610
1065
672
1110
2081
1520
466
358
330
716
273
401
1845
832
272
2382
858
2777
326
231
2458
359
263
2396
2060
1657
341
2831
1655
217
1793
616
1281
2816
1725
361
1687
2542
1070
2368
257
1343
2768
2454
2526
39
2187
383
167
2512
613
2625
2870
1228
2372
2282
236
64
2112
1890
280
1256
2505
1560
1071
1581
2273
2757
1474
342
2124
2083
2036
2243
1536
1561
2634
722
2296
2800
585
260
2776
806
1487
2500
87
1723
2563
2199
964
195
806
821
2106
1877
2753
1378
1985
1227
1720
1461
309
1107
1055
1844
2668
688
2917
2315
488
853
2574
615
1658
1413
114
1745
487
2677
1295
1450
223
2100
2622
2328
1328
2375
706
665
601
2777
2477
909
883
531
104
902
1219
372
568
2058
1224
142
24
2881
1906
138
1625
2392
166
271
1193
388
2723
1167
2715
1050
541
772
1714
1141
900
1542
2401
2135
2073
2504
388
643
2875
956
52
1098
1449
75
1330
354
212
307
97
729
577
1641
1116
299
2807
1183
1701
699
2306
766
1839
206
2308
1591
2692
1380
1094
79
2374
1320
1034
2425
2769
2482
2851
1099
187
415
1405
635
1143
2333
2276
2259
2632
2434
793
1684
133
98
2449
2323
303
1756
914
346
487
2359
425
2860
679
1810
2636
799
1292
2839
1897
1830
253
653
2465
1395
2986
2092
1005
2969
1525
1797
1652
2009
1895
1100
1332
2549
208
2245
2895
1046
1603
671
906
2633
2480
893
784
1123
731
2680
2953
1335
685
2769
2730
1022
1860
734
990
736
2883
2993
2745
1777
1444
1076
1677
1651
672
1923
2697
2626
2593
954
2259
2073
2198
42
195
281
73
499
1615
1109
267
1696
2130
2478
2782
471
214
2664
463
2958
1792
1907
1033
468
909
2056
2743
957
1681
2335
1910
939
1759
1460
1332
2306
1740
1757
2804
354
2865
423
2050
2347
2900
1831
2817
465
1846
632
422
637
2890
1806
1456
798
861
1198
1755
2542
885
1016
832
2643
2475
2516
1948
1214
1272
2104
1920
1488
2526
1321
1186
2777
503
1003
242
2348
1986
1015
336
1875
173
2143
2672
1385
341
1778
926
1577
2794
2110
1219
2620
1625
167
834
248
2622
105
2087
2147
1425
273
2275
1927
1627
2868
1626
612
883
1961
2486
1407
1103
2509
2791
1795
1287
1069
371
1432
178
1942
1051
2154
2460
2236
2401
2081
2340
1487
1227
764
2111
853
42
737
721
2019
1700
1955
979
1185
361
2434
1046
503
1580
2332
1571
2303
1115
1748
1244
2165
1253
703
1401
653
135
740
2492
1361
1856
1954
2565
2249
2691
285
1268
1742
2591
2598
2927
303
2383
1324
806
1315
1007
2376
617
2121
1476
2212
1285
2728
266
37
733
400
1129
576
2112
336
2529
1676
2584
2571
2313
1203
1313
2255
1153
1591
2558
535
266
363
2201
1272
90
169
392
1917
2380
2028
1997
2997
2065
2729
748
193
656
211
880
536
1887
463
459
1551
2018
2123
805
170
713
362
704
978
1076
257
2601
1518
425
2992
434
2805
2019
2430
153
1435
2510
901
1627
165
1463
2858
1053
349
321
1511
2251
2690
633
408
2859
1697
1121
914
26
2197
1170
2626
714
1595
2617
1499
1751
1987
929
1903
422
790
155
2400
955
1618
2258
2359
2318
2930
869
1921
2619
1501
2328
2477
197
448
390
222
2996
1912
2847
1061
506
2815
2560
2608
1801
840
1862
2222
1629
2369
1622
2935
986
1231
2293
655
1160
161
2575
778
1661
2254
254
2209
54
995
2430
49
258
2628
1110
1115
2442
1021
722
1595
1860
2584
816
488
1952
2789
775
289
1019
67
1295
2178
580
1222
307
2592
475
912
1801
528
2259
1582
929
2516
1210
2038
631
1003
58
1704
2949
2269
1639
1117
2756
942
905
530
1230
2276
949
2877
1805
1528
1098
2112
1119
1924
375
2919
2804
2633
1853
732
2501
414
121
483
1768
530
2186
1717
2798
825
2833
2905
1766
1089
787
348
364
1735
224
2521
614
1321
1984
1732
596
2358
2003
399
2343
1207
1130
1843
1620
1250
2325
387
2131
1862
2103
1928
2686
1935
1833
1804
24
2971
2503
739
2057
2726
611
2670
1398
2594
1753
1993
2304
755
2392
1646
2313
873
840
932
2475
164
1319
1605
2377
773
533
2415
2708
2717
1218
83
2687
1072
1173
1743
1149
1784
1764
2898
1729
516
2242
1384
1623
1985
381
935
2858
1220
1867
2332
1735
537
936
1112
1309
1820
526
1368
1888
2095
1450
1574
518
2975
668
1666
2110
2431
1563
1190
299
804
2574
1921
2789
306
2855
2998
1878
2073
2329
612
2609
616
2075
918
2788
2952
2285
1675
2398
1087
601
2915
1061
1620
1580
522
1403
494
1711
1701
1298
1636
621
1438
1942
827
1435
819
2900
1115
1782
2508
2082
1209
425
2221
1160
62
896
910
1148
1848
824
2560
819
2756
81
2221
249
2143
921
1898
1131
1893
335
424
2720
2121
1594
2619
235
727
2478
2669
1935
2903
1889
447
2964
136
1356
1463
2335
2531
1022
154
2286
1454
2374
2535
948
647
1432
2078
2539
2119
2501
2258
1239
1446
2228
1826
2173
1706
1846
1107
1960
734
1553
2275
1222
260
737
556
2791
2110
1061
2076
563
435
1962
1510
1433
394
940
971
2864
440
581
1454
1886
160
279
1410
1865
2476
2516
1176
562
1421
450
1783
1680
1538
2690
1470
647
751
898
1209
1537
2859
71
2969
604
1010
1291
467
1801
2223
1921
1038
2383
2551
2447
1599
2027
2315
2775
2588
735
576
1722
2414
2114
1411
1236
112
2513
2133
1321
1049
1991
1743
1369
2947
104
12
413
2256
2234
2685
294
1968
2236
92
919
1262
2406
693
1201
140
1620
2922
2906
1085
1332
1141
1197
1197
625
2869
2245
2967
1611
966
2913
2066
1329
678
1321
562
362
1614
2882
2597
1706
800
858
1463
1844
2410
1603
463
2331
1508
1900
663
3000
96
1859
624
2964
1455
942
1926
2772
855
991
1100
1532
2311
2014
1893
1277
2247
1842
2982
46
51
1796
1889
2461
398
2703
1791
2257
1602
2805
2256
2049
2015
231
2012
470
1173
937
593
2379
1927
2045
910
1590
1058
154
2866
656
1995
199
701
2046
1994
2941
1858
2392
2995
648
1648
1949
453
1256
997
2467
1486
361
288
10
1297
881
2388
576
277
649
2165
1686
803
2382
2341
149
2580
41
2546
1573
333
1403
1316
327
2403
316
2627
2855
1923
624
2673
760
1336
2961
770
2632
1193
157
559
1469
1158
75
506
1960
2456
2846
2460
2035
238
2358
960
570
760
2627
1248
162
294
875
368
2216
1850
41
2976
185
353
1097
168
1545
1253
727
365
2762
801
870
1721
609
715
1533
2995
1304
890
1306
1873
2001
933
472
2515
1578
1346
234
1146
547
274
1473
731
978
2569
1251
2874
1173
1977
238
935
129
1459
7
737
2525
1539
732
828
2780
2037
52
2133
321
524
1647
1899
1869
2232
396
2768
2858
1868
850
835
1436
2100
709
2608
1428
1298
542
1557
2757
549
2645
2633
2439
728
461
2571
117
512
1703
437
1035
701
2687
256
2932
82
23
2789
1949
872
976
736
324
2036
344
1751
333
1237
307
441
2137
304
426
1928
1031
886
1498
1499
1749
200
1936
136
1252
1974
743
1183
2408
1117
1324
1708
2340
2651
2444
2663
1686
2787
1414
2370
1375
2072
163
512
2375
588
2439
758
1825
936
2256
573
1487
1543
1060
2738
869
1802
1272
276
2918
2595
1983
2258
2597
1426
2272
1282
1564
685
1004
2939
109
1166
450
2835
1753
240
592
577
1527
200
1501
13
2094
2561
2750
2962
1714
1021
237
1984
968
2572
1593
916
1349
864
2550
2913
1901
553
2851
2009
1718
652
1843
822
1243
2787
1750
2769
338
250
2781
2431
162
2882
2745
2228
902
333
1211
2221
2904
155
489
1253
1370
38
1517
270
590
1367
2630
2659
2370
1473
480
612
1611
2581
380
2300
182
512
2082
344
393
1826
2923
1646
2159
1485
1219
2414
1639
1707
1018
8
1744
2534
630
2333
1252
259
1991
621
2083
2822
1584
1045
2402
2315
344
2583
2826
2426
278
218
1603
552
1864
1113
2036
82
527
1026
1788
1544
1386
883
1430
2015
215
2681
2625
2557
654
2060
2730
2237
104
2483
1552
800
2417
1377
577
47
1947
2179
598
1162
644
2634
1595
1170
659
734
65
2044
1616
1494
1410
1830
1175
1035
1738
1828
94
1467
1416
549
1301
319
1700
717
2048
2628
763
994
2159
1361
2155
2802
1346
749
971
2004
1834
1387
1400
449
233
2809
2630
1759
843
1367
938
1288
185
2353
2189
1837
2672
888
2553
1719
868
668
64
26
2380
2218
2827
725
318
1149
80
2151
2535
1479
2951
2767
1288
2580
1877
2130
946
2814
770
1482
2167
2958
318
2190
1197
222
1260
2064
889
1323
2441
268
892
2267
1344
1561
415
1424
1063
302
2902
1013
420
1189
592
2297
671
1889
2110
1792
722
1628
2101
1391
817
297
1612
2428
2713
2853
750
2153
472
1641
1772
1816
553
2186
239
1615
2839
492
2627
259
1681
570
2555
2703
2810
2016
1494
531
644
594
1921
1812
1242
533
1240
1306
385
2341
811
856
982
2934
23
1534
2119
613
501
2310
1105
127
2568
137
1049
2474
2839
858
1489
1684
1389
2484
2629
661
1296
870
1545
2887
2528
2281
2227
690
489
560
623
511
2094
93
1124
2946
2402
2228
72
1969
2716
1472
1794
2554
2330
283
1589
1070
2766
1217
1730
1413
2438
275
1299
1965
2555
878
6
395
1437
628
906
882
721
2381
827
474
1960
899
2795
1675
2722
1588
1580
2051
2222
168
120
2340
1384
2202
752
1173
2476
2403
490
2382
280
495
2777
1716
1475
1034
2598
2195
414
424
2668
2373
1674
2814
1047
1396
1402
2978
798
623
145
1270
314
1880
471
1418
52
298
820
541
2679
1451
1388
2807
518
2862
1192
467
2408
1605
1243
2427
1329
268
2241
2727
2015
994
2704
2813
1616
2848
1082
2282
2079
1552
699
2483
1849
1518
375
1879
320
1762
2038
837
1623
229
1656
1382
2186
2898
809
514
165
49
593
2180
1042
296
2344
9
496
425
2290
2574
2328
340
2056
1528
1857
2431
758
2528
1544
2795
717
519
376
2372
1900
2913
2621
60
778
2785
460
1370
2316
1853
2018
2011
1862
2513
2787
1503
2438
2114
1843
1846
641
1051
1628
1751
931
171
1545
1647
1041
2272
1370
2941
2184
990
352
314
1126
812
1683
794
2664
700
2804
1877
564
2591
732
2
2056
2574
1847
49
976
474
1799
2258
996
695
904
2037
2967
2625
2329
2502
614
2680
2815
2092
491
1850
2885
155
2549
2688
2383
113
2630
114
466
1686
39
2312
1734
1015
137
884
624
1132
1578
1880
520
1896
1504
2848
1398
2118
2528
1564
1561
370
413
1445
876
314
1484
259
778
1466
372
1243
151
411
906
2236
1777
1042
471
2400
2525
2048
1279
45
944
2783
244
2693
2252
2771
1608
812
493
2373
2608
1368
38
1091
1626
815
2556
2350
2409
58
2760
666
2645
1536
1707
115
1287
1583
2515
2566
1979
810
2700
2223
854
2303
2345
2461
114
2837
1833
2721
1557
2222
1163
182
36
1071
2531
2796
1480
2642
461
1477
1529
2519
1591
2816
1102
1457
2733
80
2618
2784
2654
471
2086
1999
2932
2551
2187
2116
2623
743
1338
785
925
1725
2207
807
1521
687
801
2333
2163
2329
1852
