198
466
1
410
269
449
119
228
4
361
95
356
279
337
171
354
345
5
293
79
477
474
45
497
456
129
348
117
159
364
400
209
182
252
118
302
200
89
29
55
301
475
410
431
164
432
284
360
436
429
439
264
402
483
261
357
463
460
325
474
175
76
182
208
327
151
9
378
91
389
432
391
216
341
322
379
272
457
238
59
385
28
323
138
363
435
346
177
246
171
150
272
246
183
480
425
186
340
302
276
81
234
19
296
426
192
174
50
148
263
108
385
291
282
374
5
68
220
181
165
242
331
437
339
365
268
263
50
107
417
178
187
2
196
482
427
239
7
476
238
122
436
122
264
69
496
268
137
67
448
301
308
130
89
146
347
356
261
396
463
177
425
1
30
472
335
456
210
341
284
448
314
71
421
77
139
416
196
127
334
496
280
141
125
368
139
471
224
251
219
38
279
143
38
308
115
372
115
176
65
398
123
230
320
44
307
311
311
354
437
145
349
216
137
474
436
127
296
159
377
14
48
7
9
85
314
475
309
429
150
225
178
273
454
350
168
112
160
330
466
96
326
314
164
315
139
99
441
435
109
170
300
156
176
160
92
342
134
252
122
284
476
151
408
430
500
427
393
159
256
358
107
82
24
270
248
162
220
188
448
328
209
248
483
237
407
426
78
393
178
51
176
5
201
435
434
201
361
179
211
116
36
317
49
59
438
296
73
157
336
20
484
44
119
318
280
378
96
209
270
273
259
297
277
312
231
63
12
91
241
74
58
128
243
107
39
180
254
111
337
89
130
320
485
249
490
116
126
85
325
247
357
435
43
485
246
273
399
109
215
491
183
272
119
425
230
157
104
336
267
292
276
248
112
260
496
453
228
473
37
52
219
245
486
113
81
84
385
480
192
451
470
374
223
440
150
304
96
106
139
214
397
267
462
8
26
309
312
105
134
348
156
352
92
494
317
173
77
201
4
268
152
473
494
226
265
143
381
212
100
372
426
497
138
239
356
15
399
168
120
32
15
127
236
459
120
52
483
48
104
486
168
255
310
13
332
74
7
65
286
107
436
63
103
73
301
458
87
51
125
206
83
492
333
318
450
304
369
284
204
472
269
223
79
430
235
262
4
241
326
141
199
261
55
301
185
207
111
272
257
